[RedMax3D.com._RedKid_PlugIn_V4.0.0.]
[Eport_mesh,_sceleton_and_sceleton_animation_of_3Ds_Max,_in_text_format_for_DirectX_dimension.]
[Start_Mesh_block]
Teapot001
Normal:TRUE.
TangBinor:TRUE.
UVW:TRUE.
SceletData:FALSE.
Vertex_count:
9240
29.5811 20.625 0
-0.919497 -0.393097 5.31169e-007
0.0489983 0 0.998799
-0.392229 0.919666 0.0192417
2 -1
29.158 21.2018 -3.59752
-0.932655 -0.348826 0.0920635
0.098499 9.52013e-005 0.995137
-0.346643 0.937373 0.0342211
1.9375 -0.99375
29.4033 20.625 -3.62305
-0.915001 -0.393196 0.090387
0.11462 -1.33831e-006 0.993409
-0.390586 0.919463 0.0450671
1.9375 -1
29.3345 21.2018 0
-0.937221 -0.348737 1.11555e-007
0.0489987 -9.80273e-010 0.998799
-0.332342 0.943018 0.0163039
2 -0.99375
29.0001 21.7017 -3.58109
-0.965311 -0.243096 0.0952854
0.0984822 5.95371e-005 0.995139
-0.24146 0.970118 0.0238376
1.9375 -0.9875
29.1758 21.7017 0
-0.970017 -0.243036 -4.1671e-007
0.0489979 0 0.998799
-0.22181 0.975029 0.0108813
2 -0.9875
28.9224 22.1246 -3.57301
-0.990324 -0.0985035 0.0977507
0.0983771 1.338e-005 0.995149
-0.0977645 0.995163 0.00965129
1.9375 -0.98125
29.0977 22.1246 0
-0.995139 -0.0984761 -1.22397e-007
0.0489973 2.58547e-010 0.998799
-0.0700059 0.997541 0.00343423
2 -0.98125
28.9175 22.4707 -3.5725
-0.989699 0.104662 0.0976831
0.0980396 2.13293e-005 0.995183
0.103786 0.994547 -0.0102457
1.9375 -0.975
29.0928 22.4707 0
-0.99451 0.104639 3.10905e-007
0.0489979 -1.02531e-009 0.998799
0.143287 0.989656 -0.00702921
2 -0.975
28.9783 22.7399 -3.57882
-0.919725 0.381925 0.0907734
0.0972718 0.000400688 0.995258
0.378272 0.924941 -0.0373429
1.9375 -0.96875
29.1538 22.7399 0
-0.924234 0.381828 1.38962e-007
0.0489984 -4.7983e-009 0.998799
0.430307 0.902436 -0.0211097
2 -0.96875
29.0973 22.9321 -3.5912
-0.713372 0.697239 0.0704188
0.0964933 0.00169355 0.995332
0.690625 0.719993 -0.0681782
1.9375 -0.9625
29.2735 22.9321 0
-0.716954 0.69712 -1.26191e-007
0.048998 -1.48022e-008 0.998799
0.741936 0.669482 -0.0363971
2 -0.9625
29.2673 23.0475 -3.60889
-0.368452 0.928934 0.0363953
0.097034 0.00299154 0.995277
0.922204 0.375835 -0.0910394
1.9375 -0.95625
29.4444 23.0475 0
-0.370371 0.928884 -7.37666e-008
0.0489977 0 0.998799
0.949535 0.310182 -0.046581
2 -0.95625
29.4811 23.0859 -3.63113
-0.00750191 0.999972 0.000768811
0.0982071 0.0027309 0.995162
0.995082 0.0126977 -0.0982341
1.9375 -0.95
29.6592 23.0859 0
-0.00758049 0.999971 2.8997e-008
0.0489974 -2.86642e-008 0.998799
0.997892 -0.0425928 -0.048953
2 -0.95
29.7313 23.0475 -3.65716
0.269561 0.962616 -0.0265904
0.0987462 0.00182571 0.995111
0.958925 -0.267397 -0.0946649
1.9375 -0.94375
29.9107 23.0475 0
0.270909 0.962605 -1.00128e-007
0.0489973 3.22866e-008 0.998799
0.950894 -0.305982 -0.0466473
2 -0.94375
30.0106 22.9321 -3.68623
0.459693 0.886918 -0.0453677
0.0988303 0.00114135 0.995104
0.883757 -0.459741 -0.0872444
1.9375 -0.9375
30.1914 22.9321 0
0.462007 0.886876 -1.12664e-007
0.0489982 -2.10338e-009 0.998799
0.872801 -0.486194 -0.0428171
2 -0.9375
30.3118 22.7399 -3.71757
0.591271 0.804358 -0.0583619
0.098778 0.000731508 0.995109
0.801497 -0.592742 -0.0791236
1.9375 -0.93125
30.4942 22.7399 0
0.594242 0.804287 8.15579e-008
0.048998 -2.43736e-009 0.998799
0.790186 -0.611641 -0.0387641
2 -0.93125
30.6276 22.4707 -3.75042
0.686645 0.723826 -0.06778
0.0987051 0.000488854 0.995117
0.721216 -0.689041 -0.0711986
1.9375 -0.925
30.8115 22.4707 0
0.690077 0.723736 1.16606e-007
0.0489976 0 0.998799
0.710127 -0.703211 -0.0348364
2 -0.925
30.9506 22.1246 -3.78403
0.759042 0.646716 -0.0749291
0.0986384 0.000337778 0.995123
0.644349 -0.762081 -0.0636104
1.9375 -0.91875
31.1362 22.1246 0
0.762814 0.646618 -1.02295e-007
0.0489977 4.61923e-009 0.998799
0.633512 -0.773109 -0.0310779
2 -0.91875
31.2737 21.7017 -3.81764
0.815943 0.572494 -0.0805485
0.0985816 0.000238527 0.995129
0.570379 -0.819449 -0.0563077
1.9375 -0.9125
31.461 21.7017 0
0.81998 0.572392 -3.21107e-008
0.048998 -4.05222e-009 0.998799
0.559681 -0.828253 -0.0274562
2 -0.9125
31.5894 21.2018 -3.8505
0.861638 0.500345 -0.0850611
0.0985321 0.00016814 0.995134
0.49848 -0.865503 -0.0492102
1.9375 -0.90625
31.7783 21.2018 0
0.865885 0.500244 9.03787e-008
0.0489977 -2.1099e-009 0.998799
0.487833 -0.872609 -0.0239315
2 -0.90625
31.8906 20.625 -3.88184
0.890166 0.447081 -0.0878769
0.0818346 -1.35636e-006 0.996646
0.463204 -0.885435 -0.0380348
1.9375 -0.9
32.0811 20.625 0
0.894542 0.446983 -3.56346e-009
0.0489977 -1.06429e-009 0.998799
0.463747 -0.885676 -0.0227498
2 -0.9
28.6394 21.2018 -7.08101
-0.918947 -0.349023 0.183628
0.196215 9.61615e-005 0.980561
-0.341767 0.9373 0.0682973
1.875 -0.99375
28.8811 20.625 -7.13125
-0.901523 -0.393404 0.180246
0.212109 -5.68337e-007 0.977246
-0.384449 0.919367 0.0834445
1.875 -1
28.4839 21.7017 -7.04868
-0.95116 -0.24325 0.190062
0.196199 6.02018e-005 0.980564
-0.238074 0.970081 0.0475761
1.875 -0.9875
28.4073 22.1246 -7.03276
-0.97584 -0.0985705 0.194988
0.196096 1.30486e-005 0.980585
-0.0963926 0.995157 0.0192632
1.875 -0.98125
28.4026 22.4707 -7.03176
-0.975224 0.104733 0.194857
0.195762 2.1414e-005 0.980651
0.102339 0.994539 -0.020451
1.875 -0.975
28.4624 22.7399 -7.0442
-0.906197 0.382132 0.181059
0.195003 0.000402224 0.980803
0.372941 0.924857 -0.0745274
1.875 -0.96875
28.5796 22.9321 -7.06857
-0.702742 0.697449 0.140425
0.194234 0.0016989 0.980954
0.680733 0.719789 -0.136035
1.875 -0.9625
28.7471 23.0475 -7.10339
-0.362883 0.929006 0.0725482
0.19477 0.00299781 0.980844
0.90879 0.375658 -0.18161
1.875 -0.95625
28.9576 23.0859 -7.14717
-0.00738231 0.999972 0.00151557
0.195928 0.00273442 0.980615
0.980532 0.0127016 -0.195947
1.875 -0.95
29.2041 23.0475 -7.1984
0.265486 0.962655 -0.0530234
0.196459 0.00182622 0.98051
0.944946 -0.26724 -0.188835
1.875 -0.94375
29.4792 22.9321 -7.25561
0.452758 0.887033 -0.0904579
0.196541 0.00114055 0.980495
0.870949 -0.459515 -0.174048
1.875 -0.9375
29.7759 22.7399 -7.31729
0.582387 0.804539 -0.11637
0.19649 0.000730885 0.980506
0.789956 -0.592494 -0.157862
1.875 -0.93125
30.0869 22.4707 -7.38196
0.676376 0.724049 -0.135158
0.196418 0.000488962 0.98052
0.710889 -0.688807 -0.142062
1.875 -0.925
30.4051 22.1246 -7.44812
0.747742 0.646958 -0.149422
0.196352 0.000337973 0.980533
0.635168 -0.761873 -0.12693
1.875 -0.91875
30.7234 21.7017 -7.51428
0.803844 0.57274 -0.160637
0.196297 0.000238202 0.980545
0.562279 -0.819278 -0.112364
1.875 -0.9125
31.0344 21.2018 -7.57894
0.848903 0.500585 -0.169643
0.196248 0.000168569 0.980554
0.49143 -0.865362 -0.0982057
1.875 -0.90625
31.3311 20.625 -7.64063
0.877039 0.447308 -0.175264
0.179756 -1.80096e-006 0.983711
0.457404 -0.885322 -0.0835843
1.875 -0.9
27.795 21.2018 -10.4342
-0.896259 -0.349266 0.273374
0.292005 9.64889e-005 0.956417
-0.33359 0.93721 0.101755
1.8125 -0.99375
28.0307 20.625 -10.5082
-0.879232 -0.393666 0.26829
0.307469 -6.69588e-007 0.951558
-0.374597 0.919253 0.121041
1.8125 -1
27.6434 21.7017 -10.3865
-0.927723 -0.243433 0.282967
0.291989 6.13177e-005 0.956422
-0.232392 0.970036 0.0708856
1.8125 -0.9875
27.5687 22.1246 -10.3631
-0.951834 -0.0986425 0.290315
0.291888 1.37905e-005 0.956452
-0.0940917 0.99515 0.0287004
1.8125 -0.98125
27.564 22.4707 -10.3616
-0.951232 0.104815 0.290122
0.291563 2.14329e-005 0.956552
0.0998987 0.994531 -0.030472
1.8125 -0.975
27.6224 22.7399 -10.3799
-0.883817 0.382372 0.269555
0.290823 0.000402392 0.956777
0.364004 0.924756 -0.111032
1.8125 -0.96875
27.7367 22.9321 -10.4158
-0.685215 0.69771 0.209002
0.290075 0.00169749 0.957002
0.664242 0.719535 -0.202613
1.8125 -0.9625
27.9 23.0475 -10.4672
-0.353726 0.929101 0.107931
0.290597 0.00299214 0.956841
0.88653 0.375419 -0.270418
1.8125 -0.95625
28.1053 23.0859 -10.5317
-0.0071918 0.999972 0.00223749
0.291724 0.00272842 0.956499
0.956415 0.0126917 -0.291735
1.8125 -0.95
28.3457 23.0475 -10.6072
0.258757 0.962715 -0.0788966
0.29224 0.00182342 0.956343
0.921757 -0.267042 -0.281162
1.8125 -0.94375
28.614 22.9321 -10.6915
0.441341 0.887187 -0.134601
0.292321 0.00113857 0.95632
0.84967 -0.459228 -0.259174
1.8125 -0.9375
28.9033 22.7399 -10.7823
0.567777 0.804761 -0.173174
0.29227 0.000729528 0.956335
0.770738 -0.592193 -0.235097
1.8125 -0.93125
29.2066 22.4707 -10.8776
0.659473 0.724317 -0.20115
0.292201 0.000487833 0.956357
0.693659 -0.688526 -0.211586
1.8125 -0.925
29.517 22.1246 -10.9751
0.72911 0.647255 -0.222395
0.292137 0.000338203 0.956376
0.61983 -0.76162 -0.189066
1.8125 -0.91875
29.8273 21.7017 -11.0726
0.78387 0.573042 -0.239102
0.292083 0.000238399 0.956393
0.548737 -0.819067 -0.16738
1.8125 -0.9125
30.1306 21.2018 -11.1679
0.827858 0.500883 -0.252522
0.292036 0.000168598 0.956407
0.479627 -0.86519 -0.1463
1.8125 -0.90625
30.4199 20.625 -11.2588
0.855329 0.447598 -0.2609
0.275964 -9.73208e-007 0.961168
0.447202 -0.885169 -0.128398
1.8125 -0.9
26.6411 21.2018 -13.6407
-0.864925 -0.349501 0.360213
0.384707 9.58904e-005 0.923039
-0.322176 0.937122 0.13418
1.75 -0.99375
26.8686 20.625 -13.7375
-0.848461 -0.39393 0.35346
0.399564 -9.13464e-007 0.916705
-0.361114 0.919142 0.1574
1.75 -1
26.4947 21.7017 -13.5784
-0.895333 -0.243604 0.372874
0.384691 6.0335e-005 0.923045
-0.224451 0.969991 0.0934794
1.75 -0.9875
26.4226 22.1246 -13.5478
-0.918637 -0.0987126 0.382573
0.384594 1.34091e-005 0.923086
-0.0908787 0.995142 0.0378492
1.75 -0.98125
26.4181 22.4707 -13.5458
-0.918056 0.104891 0.382322
0.384281 2.1393e-005 0.923216
0.0964856 0.994523 -0.0401844
1.75 -0.975
26.4744 22.7399 -13.5698
-0.852908 0.382609 0.355187
0.383569 0.000401588 0.923512
0.351531 0.924658 -0.146406
1.75 -0.96875
26.5848 22.9321 -13.6168
-0.661098 0.697958 0.275326
0.382851 0.0016924 0.923809
0.641317 0.719286 -0.267096
1.75 -0.9625
26.7424 23.0475 -13.6838
-0.341199 0.929183 0.142136
0.383354 0.00297956 0.923597
0.855702 0.375186 -0.356384
1.75 -0.95625
26.9406 23.0859 -13.7682
-0.0069534 0.999972 0.00293806
0.384436 0.00271569 0.923148
0.923064 0.0126803 -0.384439
1.75 -0.95
27.1726 23.0475 -13.8669
0.249554 0.96277 -0.103903
0.384932 0.0018151 0.922943
0.889661 -0.266857 -0.370526
1.75 -0.94375
27.4316 22.9321 -13.9771
0.42569 0.887335 -0.177271
0.38501 0.00113487 0.922912
0.820174 -0.458949 -0.341586
1.75 -0.9375
27.7109 22.7399 -14.0959
0.547695 0.804987 -0.228092
0.384963 0.000727629 0.922932
0.744064 -0.591894 -0.309889
1.75 -0.93125
28.0037 22.4707 -14.2205
0.636216 0.724585 -0.264963
0.384895 0.000486851 0.92296
0.669715 -0.688246 -0.278923
1.75 -0.925
28.3032 22.1246 -14.3479
0.703454 0.64755 -0.292971
0.384834 0.000336999 0.922986
0.598484 -0.761373 -0.249257
1.75 -0.91875
28.6028 21.7017 -14.4754
0.756341 0.573345 -0.314999
0.384782 0.000237841 0.923007
0.52988 -0.818856 -0.220685
1.75 -0.9125
28.8955 21.2018 -14.5999
0.798835 0.501173 -0.3327
0.384736 0.000168107 0.923027
0.463167 -0.865024 -0.1929
1.75 -0.90625
29.1748 20.625 -14.7188
0.825374 0.447875 -0.343752
0.369266 -1.46283e-006 0.929324
0.432656 -0.885016 -0.171917
1.75 -0.9
25.1939 21.2018 -16.6844
-0.82538 -0.349703 0.443233
0.473339 9.57574e-005 0.88088
-0.307653 0.937045 0.165215
1.6875 -0.99375
25.4111 20.625 -16.8027
-0.809648 -0.394152 0.434872
0.487445 -7.26333e-007 0.873154
-0.344144 0.919051 0.192122
1.6875 -1
25.0542 21.7017 -16.6082
-0.854433 -0.243756 0.458832
0.473324 6.02418e-005 0.880888
-0.21434 0.969953 0.115104
1.6875 -0.9875
24.9853 22.1246 -16.5707
-0.876701 -0.0987819 0.470785
0.473232 1.33867e-005 0.880938
-0.0867927 0.995135 0.0466092
1.6875 -0.98125
24.981 22.4707 -16.5683
-0.876147 0.104952 0.47048
0.472934 2.13445e-005 0.881098
0.0921376 0.994516 -0.0494795
1.6875 -0.975
25.0348 22.7399 -16.5976
-0.813907 0.382805 0.437054
0.472257 0.000400352 0.881461
0.335662 0.924575 -0.180256
1.6875 -0.96875
25.1402 22.9321 -16.6551
-0.630747 0.698162 0.338715
0.471575 0.00168553 0.881824
0.612236 0.719075 -0.328782
1.6875 -0.9625
25.2907 23.0475 -16.7371
-0.325473 0.929251 0.174812
0.472054 0.00296525 0.881564
0.816715 0.374985 -0.438591
1.6875 -0.95625
25.48 23.0859 -16.8402
-0.00664815 0.999971 0.0036058
0.473081 0.00270246 0.881015
0.880931 0.012667 -0.473075
1.6875 -0.95
25.7015 23.0475 -16.961
0.238004 0.962821 -0.127786
0.473553 0.00180757 0.880763
0.849092 -0.266696 -0.455978
1.6875 -0.94375
25.9488 22.9321 -17.0958
0.406042 0.887463 -0.218034
0.473627 0.00113094 0.880725
0.782845 -0.458713 -0.420401
1.6875 -0.9375
26.2154 22.7399 -17.2411
0.52247 0.805176 -0.280565
0.473582 0.000726073 0.880749
0.710265 -0.591641 -0.381424
1.6875 -0.93125
26.495 22.4707 -17.3935
0.60696 0.724819 -0.325941
0.473519 0.000486027 0.880783
0.639348 -0.688005 -0.343341
1.6875 -0.925
26.781 22.1246 -17.5493
0.671155 0.647803 -0.360419
0.473461 0.000336629 0.880815
0.571386 -0.76116 -0.306844
1.6875 -0.91875
27.0671 21.7017 -17.7052
0.721658 0.573604 -0.387542
0.473412 0.000237674 0.880841
0.505921 -0.818675 -0.271689
1.6875 -0.9125
27.3466 21.2018 -17.8576
0.762243 0.501425 -0.409339
0.473368 0.000168 0.880865
0.442247 -0.864878 -0.237494
1.6875 -0.90625
27.6133 20.625 -18.0029
0.787594 0.448115 -0.422951
0.458651 -1.16051e-006 0.888616
0.413927 -0.884884 -0.213646
1.6875 -0.9
23.4699 21.2018 -19.5488
-0.77811 -0.349857 0.521675
0.557086 9.57266e-005 0.830455
-0.290181 0.936987 0.194551
1.625 -0.99375
23.6748 20.625 -19.6875
-0.763273 -0.394314 0.511793
0.570319 -5.00646e-007 0.821423
-0.323882 0.918984 0.224874
1.625 -1
23.3379 21.7017 -19.4595
-0.805524 -0.243872 0.540053
0.557072 6.01667e-005 0.830464
-0.202175 0.969924 0.135548
1.625 -0.9875
23.273 22.1246 -19.4156
-0.826538 -0.0988288 0.554137
0.556985 1.33617e-005 0.830523
-0.0818696 0.99513 0.0548894
1.625 -0.98125
23.2689 22.4707 -19.4128
-0.826015 0.105003 0.553781
0.556705 2.12773e-005 0.83071
0.0869044 0.994511 -0.0582649
1.625 -0.975
23.3197 22.7399 -19.4472
-0.767285 0.382962 0.514405
0.556069 0.000399044 0.831136
0.316587 0.924511 -0.212256
1.625 -0.96875
23.4191 22.9321 -19.5145
-0.594537 0.698315 0.398601
0.555429 0.00167887 0.831562
0.577346 0.718916 -0.38708
1.625 -0.9625
23.5612 23.0475 -19.6106
-0.306751 0.9293 0.205681
0.555879 0.00295202 0.831258
0.77004 0.374835 -0.516272
1.625 -0.95625
23.7398 23.0859 -19.7314
-0.00628158 0.999971 0.00423763
0.556843 0.00269067 0.830614
0.830531 0.0126545 -0.556828
1.625 -0.95
23.9488 23.0475 -19.8729
0.224275 0.962859 -0.150346
0.557286 0.00180099 0.830319
0.800541 -0.266579 -0.536721
1.625 -0.94375
24.1822 22.9321 -20.0308
0.382652 0.887562 -0.256536
0.557356 0.00112804 0.830273
0.738134 -0.458532 -0.494881
1.625 -0.9375
24.4338 22.7399 -20.2011
0.492414 0.805321 -0.33013
0.557314 0.000724638 0.830301
0.669746 -0.59145 -0.44903
1.625 -0.93125
24.6976 22.4707 -20.3796
0.572082 0.724993 -0.383547
0.557255 0.000485689 0.830341
0.602912 -0.687825 -0.404221
1.625 -0.925
24.9676 22.1246 -20.5623
0.632622 0.647994 -0.424138
0.557201 0.000336482 0.830378
0.538853 -0.760999 -0.361273
1.625 -0.91875
25.2375 21.7017 -20.7449
0.680257 0.573799 -0.456076
0.557154 0.00023766 0.830409
0.477137 -0.818539 -0.319896
1.625 -0.9125
25.5013 21.2018 -20.9235
0.718541 0.501617 -0.481745
0.557113 0.000168034 0.830437
0.417103 -0.864768 -0.279646
1.625 -0.90625
25.7529 20.625 -21.0938
0.742458 0.448298 -0.49778
0.543277 -8.07016e-007 0.839554
0.391239 -0.88478 -0.253172
1.625 -0.9
21.4851 21.2018 -22.2178
-0.723616 -0.34995 0.594908
0.635265 9.57566e-005 0.772295
-0.269941 0.936952 0.221929
1.5625 -0.99375
21.676 20.625 -22.3754
-0.709819 -0.394421 0.5836
0.647523 -2.27755e-007 0.762046
-0.300542 0.918944 0.255376
1.5625 -1
21.3623 21.7017 -22.1163
-0.749124 -0.24394 0.615878
0.635251 6.00961e-005 0.772305
-0.18808 0.969905 0.154628
1.5625 -0.9875
21.3018 22.1246 -22.0664
-0.768677 -0.0988585 0.631951
0.63517 1.33398e-005 0.772372
-0.0761632 0.995127 0.0626166
1.5625 -0.98125
21.298 22.4707 -22.0632
-0.76819 0.10503 0.631547
0.63491 2.12366e-005 0.772586
0.0808417 0.994509 -0.0664629
1.5625 -0.975
21.3452 22.7399 -22.1023
-0.713547 0.383049 0.586622
0.63432 0.000397995 0.77307
0.294495 0.924474 -0.242116
1.5625 -0.96875
21.4379 22.9321 -22.1787
-0.55285 0.698407 0.454516
0.633728 0.00167385 0.773554
0.537011 0.718818 -0.441497
1.5625 -0.9625
21.5701 23.0475 -22.288
-0.285225 0.92933 0.234505
0.634144 0.00294251 0.773209
0.716168 0.374741 -0.588789
1.5625 -0.95625
21.7365 23.0859 -22.4253
-0.00585486 0.999971 0.00482779
0.635038 0.00268264 0.772476
0.772396 0.0126448 -0.635016
1.5625 -0.95
21.9311 23.0475 -22.5861
0.208507 0.962883 -0.171411
0.635449 0.00179693 0.772141
0.74452 -0.266508 -0.612098
1.5625 -0.94375
22.1485 22.9321 -22.7656
0.355776 0.887622 -0.29249
0.635515 0.00112659 0.772088
0.686509 -0.458424 -0.564405
1.5625 -0.9375
22.3828 22.7399 -22.9591
0.45785 0.805412 -0.376411
0.635477 0.000724408 0.77212
0.622933 -0.59133 -0.512136
1.5625 -0.93125
22.6285 22.4707 -23.162
0.531949 0.725101 -0.437332
0.635422 0.00048576 0.772165
0.56079 -0.687714 -0.461047
1.5625 -0.925
22.8799 22.1246 -23.3696
0.588262 0.648112 -0.483631
0.635371 0.00033671 0.772207
0.501224 -0.7609 -0.412075
1.5625 -0.91875
23.1313 21.7017 -23.5772
0.632573 0.573922 -0.520062
0.635328 0.000237846 0.772242
0.443832 -0.818455 -0.364891
1.5625 -0.9125
23.377 21.2018 -23.7801
0.668193 0.501733 -0.549346
0.63529 0.000168218 0.772274
0.387997 -0.8647 -0.318987
1.5625 -0.90625
23.6113 20.625 -23.9736
0.690446 0.448407 -0.567641
0.62244 -3.6213e-007 0.782667
0.364825 -0.884716 -0.290139
1.5625 -0.9
19.256 21.2018 -24.6749
-0.662387 -0.349981 0.662387
0.707289 9.58774e-005 0.706925
-0.247127 0.93694 0.247127
1.5 -0.99375
19.4311 20.625 -24.85
-0.649771 -0.394455 0.649772
0.718483 3.0062e-008 0.695544
-0.27433 0.918934 0.283378
1.5 -1
19.1433 21.7017 -24.5623
-0.685741 -0.243966 0.68574
0.707276 6.01665e-005 0.706937
-0.172187 0.969899 0.172187
1.5 -0.9875
19.0879 22.1246 -24.5068
-0.703642 -0.0988704 0.703642
0.707202 1.33592e-005 0.707012
-0.0697309 0.995126 0.0697309
1.5 -0.98125
19.0844 22.4707 -24.5033
-0.703194 0.105049 0.703195
0.706965 2.11927e-005 0.707249
0.0740095 0.994507 -0.0740096
1.5 -0.975
19.1277 22.7399 -24.5467
-0.653164 0.383083 0.653165
0.706425 0.00039743 0.707788
0.269601 0.924462 -0.269602
1.5 -0.96875
19.2127 22.9321 -24.6316
-0.506056 0.698437 0.506057
0.705883 0.00167133 0.708326
0.491603 0.718786 -0.491603
1.5 -0.9625
19.334 23.0475 -24.7529
-0.26108 0.929341 0.26108
0.706264 0.00293825 0.707943
0.65559 0.374705 -0.65559
1.5 -0.95625
19.4865 23.0859 -24.9055
-0.00536846 0.999971 0.0053685
0.70708 0.00267982 0.707128
0.70705 0.0126376 -0.70705
1.5 -0.95
19.6651 23.0475 -25.084
0.190842 0.962891 -0.190842
0.707457 0.0017963 0.706754
0.681537 -0.266485 -0.681537
1.5 -0.94375
19.8644 22.9321 -25.2833
0.325647 0.887642 -0.325647
0.707517 0.00112711 0.706695
0.628442 -0.458389 -0.628442
1.5 -0.9375
20.0794 22.7399 -25.4983
0.419084 0.805442 -0.419084
0.707483 0.000725311 0.70673
0.570252 -0.591291 -0.570252
1.5 -0.93125
20.3047 22.4707 -25.7236
0.486916 0.725139 -0.486916
0.707433 0.000486741 0.706781
0.513373 -0.687674 -0.513373
1.5 -0.925
20.5352 22.1246 -25.9542
0.53847 0.648151 -0.53847
0.707386 0.000337562 0.706827
0.458847 -0.760868 -0.458846
1.5 -0.91875
20.7658 21.7017 -26.1847
0.579037 0.573962 -0.579037
0.707347 0.000238529 0.706866
0.406312 -0.818426 -0.406312
1.5 -0.9125
20.9911 21.2018 -26.4101
0.611646 0.501775 -0.611646
0.707312 0.000168707 0.706901
0.355201 -0.864676 -0.355201
1.5 -0.90625
21.2061 20.625 -26.625
0.632019 0.448446 -0.632019
0.695544 -2.55322e-008 0.718483
0.334945 -0.884688 -0.324251
1.5 -0.9
16.7988 21.2018 -26.904
-0.594908 -0.349949 0.723616
0.772621 9.61312e-005 0.634867
-0.221931 0.936951 0.269944
1.4375 -0.99375
16.9565 20.625 -27.0949
-0.5836 -0.39442 0.709819
0.782667 2.79487e-007 0.622441
-0.245468 0.918954 0.308655
1.4375 -1
16.6974 21.7017 -26.7812
-0.615878 -0.243938 0.749125
0.77261 6.02795e-005 0.634881
-0.154628 0.969905 0.18808
1.4375 -0.9875
16.6474 22.1246 -26.7207
-0.631951 -0.0988605 0.768677
0.772543 1.33701e-005 0.634962
-0.0626235 0.995126 0.0761715
1.4375 -0.98125
16.6443 22.4707 -26.7169
-0.631548 0.105029 0.76819
0.772329 2.12011e-005 0.635222
0.066457 0.99451 -0.0808343
1.4375 -0.975
16.6833 22.7399 -26.7642
-0.586622 0.383047 0.713547
0.771845 0.000397409 0.63581
0.242111 0.924477 -0.29449
1.4375 -0.96875
16.7598 22.9321 -26.8568
-0.454515 0.698407 0.55285
0.771358 0.00167151 0.6364
0.441497 0.718819 -0.537011
1.4375 -0.9625
16.8691 23.0475 -26.9891
-0.234503 0.929331 0.285223
0.771699 0.00293973 0.635981
0.588792 0.37473 -0.716172
1.4375 -0.95625
17.0064 23.0859 -27.1554
-0.00482757 0.999971 0.0058546
0.772433 0.00268249 0.63509
0.635016 0.0126332 -0.772396
1.4375 -0.95
17.1672 23.0475 -27.3501
0.171411 0.962883 -0.208506
0.772772 0.00179932 0.634681
0.612097 -0.266514 -0.744519
1.4375 -0.94375
17.3467 22.9321 -27.5674
0.29249 0.887623 -0.355775
0.772827 0.00112983 0.634616
0.564404 -0.458426 -0.686508
1.4375 -0.9375
17.5402 22.7399 -27.8018
0.376412 0.805411 -0.45785
0.772796 0.000727554 0.634654
0.512135 -0.591333 -0.622931
1.4375 -0.93125
17.7431 22.4707 -28.0475
0.437331 0.725103 -0.531947
0.772751 0.000488477 0.634709
0.461048 -0.687712 -0.560792
1.4375 -0.925
17.9507 22.1246 -28.2988
0.483631 0.648111 -0.588263
0.77271 0.000338878 0.634759
0.412075 -0.7609 -0.501223
1.4375 -0.91875
18.1583 21.7017 -28.5502
0.520063 0.57392 -0.632574
0.772674 0.000239497 0.634803
0.36489 -0.818455 -0.443831
1.4375 -0.9125
18.3612 21.2018 -28.7959
0.549346 0.501736 -0.668192
0.772643 0.000169386 0.634841
0.318988 -0.864698 -0.387999
1.4375 -0.90625
18.5547 20.625 -29.0303
0.56764 0.448409 -0.690445
0.762046 3.7839e-007 0.647523
0.30185 -0.884701 -0.355235
1.4375 -0.9
14.1299 21.2018 -28.8888
-0.521675 -0.349857 0.77811
0.830742 9.65338e-005 0.556658
-0.194554 0.936985 0.290185
1.375 -0.99375
14.2686 20.625 -29.0937
-0.511792 -0.394314 0.763273
0.839554 5.50521e-007 0.543277
-0.214186 0.919004 0.330992
1.375 -1
14.0406 21.7017 -28.7569
-0.540053 -0.243868 0.805525
0.830732 6.04462e-005 0.556672
-0.135551 0.969922 0.202179
1.375 -0.9875
13.9967 22.1246 -28.6919
-0.554137 -0.0988296 0.826538
0.830673 1.34035e-005 0.55676
-0.0548958 0.995129 0.0818793
1.375 -0.98125
13.9939 22.4707 -28.6879
-0.553781 0.104999 0.826015
0.830486 2.12151e-005 0.55704
0.0582531 0.994514 -0.0868868
1.375 -0.975
14.0282 22.7399 -28.7386
-0.514404 0.382962 0.767286
0.83006 0.000397886 0.557674
0.212247 0.924517 -0.316575
1.375 -0.96875
14.0955 22.9321 -28.838
-0.398599 0.698317 0.594535
0.829631 0.00167445 0.558309
0.387081 0.718914 -0.577348
1.375 -0.9625
14.1917 23.0475 -28.9801
-0.20568 0.929301 0.30675
0.82993 0.00294671 0.55786
0.516276 0.374817 -0.770046
1.375 -0.95625
14.3125 23.0859 -29.1587
-0.00423793 0.999971 0.00628208
0.830576 0.00269044 0.556899
0.556828 0.0126323 -0.830532
1.375 -0.95
14.454 23.0475 -29.3677
0.150346 0.962859 -0.224275
0.830874 0.00180566 0.556457
0.536719 -0.266593 -0.800538
1.375 -0.94375
14.6119 22.9321 -29.6011
0.256536 0.887562 -0.382652
0.830923 0.0011345 0.556386
0.494879 -0.458538 -0.738131
1.375 -0.9375
14.7822 22.7399 -29.8528
0.330129 0.805323 -0.492412
0.830896 0.000730956 0.556427
0.449029 -0.59145 -0.669745
1.375 -0.93125
14.9607 22.4707 -30.1166
0.383547 0.724992 -0.572082
0.830857 0.000490996 0.556486
0.404221 -0.687825 -0.602911
1.375 -0.925
15.1434 22.1246 -30.3865
0.424138 0.647994 -0.632622
0.830821 0.000340724 0.55654
0.361274 -0.760998 -0.538854
1.375 -0.91875
15.326 21.7017 -30.6564
0.456075 0.5738 -0.680256
0.830789 0.000240818 0.556588
0.319897 -0.818538 -0.477138
1.375 -0.9125
15.5045 21.2018 -30.9202
0.481746 0.501616 -0.718542
0.830761 0.000170296 0.556629
0.279647 -0.864766 -0.417105
1.375 -0.90625
15.6748 20.625 -31.1719
0.49778 0.448296 -0.742459
0.821424 8.07036e-007 0.570319
0.265802 -0.884754 -0.38283
1.375 -0.9
11.2654 21.2018 -30.6129
-0.443233 -0.349706 0.825379
0.881125 9.69446e-005 0.472884
-0.165219 0.937042 0.30766
1.3125 -0.99375
11.3838 20.625 -30.8301
-0.434874 -0.39415 0.809648
0.888616 7.66244e-007 0.458652
-0.180742 0.91908 0.350178
1.3125 -1
11.1892 21.7017 -30.4731
-0.458832 -0.243756 0.854433
0.881116 6.06842e-005 0.4729
-0.11511 0.96995 0.21435
1.3125 -0.9875
11.1517 22.1246 -30.4043
-0.470785 -0.0987794 0.876701
0.881066 1.34316e-005 0.472994
-0.0466153 0.995134 0.0868041
1.3125 -0.98125
11.1494 22.4707 -30.4
-0.470481 0.104947 0.876147
0.880906 2.12624e-005 0.473292
0.0494651 0.994519 -0.0921106
1.3125 -0.975
11.1787 22.7399 -30.4537
-0.437054 0.382805 0.813906
0.880543 0.000398664 0.473966
0.180245 0.924584 -0.335641
1.3125 -0.96875
11.2361 22.9321 -30.5591
-0.338714 0.698164 0.630745
0.880177 0.00167899 0.474642
0.328783 0.719073 -0.612239
1.3125 -0.9625
11.3182 23.0475 -30.7096
-0.174812 0.929252 0.325473
0.880431 0.00295739 0.474165
0.438596 0.374959 -0.816725
1.3125 -0.95625
11.4213 23.0859 -30.8989
-0.00360552 0.999971 0.00664763
0.880982 0.00270206 0.473141
0.473075 0.0126334 -0.880931
1.3125 -0.95
11.542 23.0475 -31.1204
0.127787 0.962821 -0.238005
0.881238 0.00181433 0.47267
0.455974 -0.266717 -0.849087
1.3125 -0.94375
11.6768 22.9321 -31.3677
0.218034 0.887464 -0.40604
0.881279 0.00114035 0.472594
0.420399 -0.458719 -0.782842
1.3125 -0.9375
11.8222 22.7399 -31.6344
0.280564 0.805177 -0.522468
0.881256 0.00073506 0.472638
0.381424 -0.591643 -0.710264
1.3125 -0.93125
11.9745 22.4707 -31.9139
0.325942 0.724816 -0.606962
0.881223 0.000493837 0.472701
0.34334 -0.688007 -0.639347
1.3125 -0.925
12.1304 22.1246 -32.2
0.360419 0.647803 -0.671155
0.881192 0.000342752 0.472759
0.306845 -0.761159 -0.571387
1.3125 -0.91875
12.2863 21.7017 -32.486
0.387541 0.573605 -0.721657
0.881165 0.000242294 0.472809
0.27169 -0.818673 -0.505924
1.3125 -0.9125
12.4387 21.2018 -32.7656
0.409338 0.501425 -0.762243
0.881141 0.000171272 0.472853
0.237496 -0.864876 -0.442251
1.3125 -0.90625
12.584 20.625 -33.0322
0.422951 0.448115 -0.787594
0.873154 1.16906e-006 0.487445
0.227094 -0.884845 -0.406789
1.3125 -0.9
8.22179 21.2018 -32.06
-0.360213 -0.349503 0.864924
0.923238 9.73463e-005 0.384228
-0.134185 0.937118 0.322187
1.25 -0.99375
8.31857 20.625 -32.2875
-0.353461 -0.393925 0.848463
0.929323 9.21755e-007 0.369267
-0.145432 0.91918 0.366003
1.25 -1
8.1595 21.7017 -31.9136
-0.372874 -0.243606 0.895333
0.923231 6.08427e-005 0.384245
-0.0934851 0.969988 0.224464
1.25 -0.9875
8.12883 22.1246 -31.8416
-0.382573 -0.098713 0.918637
0.92319 1.34664e-005 0.384344
-0.0378569 0.99514 0.0908972
1.25 -0.98125
8.12692 22.4707 -31.8371
-0.382323 0.104888 0.918056
0.92306 2.13021e-005 0.384657
0.0401734 0.994526 -0.096459
1.25 -0.975
8.15088 22.7399 -31.8934
-0.355188 0.382606 0.852909
0.922764 0.00039952 0.385365
0.146393 0.924671 -0.351499
1.25 -0.96875
8.19783 22.9321 -32.0037
-0.275327 0.697956 0.661099
0.922464 0.00168414 0.386078
0.267096 0.719287 -0.641316
1.25 -0.9625
8.26491 23.0475 -32.1614
-0.142135 0.929183 0.341198
0.922671 0.00296987 0.385577
0.35639 0.375152 -0.855715
1.25 -0.95625
8.34923 23.0859 -32.3596
-0.0029368 0.999972 0.00694999
0.923121 0.00271532 0.3845
0.384439 0.0126369 -0.923064
1.25 -0.95
8.44793 23.0475 -32.5915
0.103903 0.96277 -0.249554
0.92333 0.0018236 0.384003
0.370525 -0.26688 -0.889655
1.25 -0.94375
8.55813 22.9321 -32.8505
0.177271 0.887336 -0.425688
0.923365 0.00114647 0.383923
0.341585 -0.45896 -0.820168
1.25 -0.9375
8.67696 22.7399 -33.1298
0.228092 0.804987 -0.547696
0.923346 0.000739037 0.383968
0.309887 -0.591897 -0.744061
1.25 -0.93125
8.80153 22.4707 -33.4226
0.264964 0.724585 -0.636216
0.923319 0.000496512 0.384034
0.278923 -0.688247 -0.669715
1.25 -0.925
8.92898 22.1246 -33.7221
0.292971 0.64755 -0.703454
0.923293 0.000344587 0.384096
0.249257 -0.761373 -0.598484
1.25 -0.91875
9.05642 21.7017 -34.0217
0.315 0.573345 -0.75634
0.923271 0.000243555 0.384148
0.220687 -0.818853 -0.529885
1.25 -0.9125
9.181 21.2018 -34.3145
0.3327 0.501173 -0.798835
0.923252 0.000172154 0.384195
0.192902 -0.865021 -0.463172
1.25 -0.90625
9.29982 20.625 -34.5938
0.343752 0.447875 -0.825374
0.916705 1.47992e-006 0.399564
0.186058 -0.884969 -0.426863
1.25 -0.9
5.01524 21.2018 -33.214
-0.273373 -0.349266 0.896259
0.956569 9.75817e-005 0.291507
-0.101758 0.937207 0.3336
1.1875 -0.99375
5.08927 20.625 -33.4496
-0.268288 -0.393665 0.879232
0.961168 1.00422e-006 0.275964
-0.108614 0.919293 0.378291
1.1875 -1
4.9676 21.7017 -33.0623
-0.282967 -0.243433 0.927723
0.956563 6.09898e-005 0.291526
-0.0708911 0.970032 0.232407
1.1875 -0.9875
4.94414 22.1246 -32.9876
-0.290314 -0.0986426 0.951834
0.956532 1.3489e-005 0.291628
-0.0287077 0.995147 0.0941146
1.1875 -0.98125
4.94267 22.4707 -32.983
-0.290121 0.104815 0.951232
0.956433 2.1324e-005 0.291952
0.030464 0.994534 -0.0998724
1.1875 -0.975
4.961 22.7399 -33.0413
-0.269555 0.382372 0.883817
0.956208 0.000400076 0.292688
0.111022 0.92477 -0.363972
1.1875 -0.96875
4.99692 22.9321 -33.1556
-0.209002 0.69771 0.685214
0.955979 0.00168844 0.29343
0.202613 0.719536 -0.664241
1.1875 -0.9625
5.04823 23.0475 -33.3189
-0.107931 0.929101 0.353726
0.956135 0.00298097 0.292911
0.270422 0.375378 -0.886546
1.1875 -0.95625
5.11273 23.0859 -33.5243
-0.00223813 0.999972 0.00719136
0.956478 0.00272697 0.29179
0.291735 0.0126441 -0.956416
1.1875 -0.95
5.18823 23.0475 -33.7646
0.0788953 0.962715 -0.258757
0.956639 0.00183153 0.291272
0.281161 -0.267067 -0.92175
1.1875 -0.94375
5.27252 22.9321 -34.0329
0.134601 0.887187 -0.441341
0.956665 0.00115115 0.291189
0.259173 -0.459238 -0.849664
1.1875 -0.9375
5.36341 22.7399 -34.3222
0.173175 0.804761 -0.567776
0.956651 0.000741979 0.291237
0.235097 -0.592197 -0.770735
1.1875 -0.93125
5.4587 22.4707 -34.6256
0.20115 0.724317 -0.659472
0.95663 0.000498371 0.291305
0.211586 -0.688527 -0.693659
1.1875 -0.925
5.55619 22.1246 -34.9359
0.222395 0.647255 -0.72911
0.956611 0.000345823 0.291369
0.189066 -0.761621 -0.619829
1.1875 -0.91875
5.65368 21.7017 -35.2462
0.239102 0.573043 -0.78387
0.956594 0.000244348 0.291424
0.167383 -0.819062 -0.548744
1.1875 -0.9125
5.74897 21.2018 -35.5495
0.252522 0.500883 -0.827858
0.956579 0.000172694 0.291473
0.146301 -0.865189 -0.479629
1.1875 -0.90625
5.83986 20.625 -35.8389
0.260899 0.447598 -0.855329
0.951559 1.59729e-006 0.307467
0.143088 -0.885115 -0.442829
1.1875 -0.9
1.66208 21.2018 -34.0583
-0.183627 -0.349023 0.918947
0.980663 9.74937e-005 0.195704
-0.0682987 0.937297 0.341773
1.125 -0.99375
1.71232 20.625 -34.3
-0.180245 -0.393405 0.901523
0.983711 9.31286e-007 0.179757
-0.0707026 0.919402 0.386912
1.125 -1
1.62975 21.7017 -33.9028
-0.190062 -0.243249 0.95116
0.980659 6.09377e-005 0.195723
-0.0475786 0.970078 0.238087
1.125 -0.9875
1.61383 22.1246 -33.8263
-0.194988 -0.0985693 0.97584
0.980638 1.34835e-005 0.195829
-0.0192674 0.995155 0.0964155
1.125 -0.98125
1.61283 22.4707 -33.8215
-0.194857 0.104733 0.975224
0.980572 2.1314e-005 0.196162
0.0204454 0.994542 -0.10231
1.125 -0.975
1.62527 22.7399 -33.8813
-0.181059 0.382132 0.906197
0.98042 0.000400102 0.196916
0.0745222 0.924868 -0.372915
1.125 -0.96875
1.64964 22.9321 -33.9985
-0.140425 0.697454 0.702736
0.980265 0.0016903 0.19768
0.136036 0.719787 -0.680735
1.125 -0.9625
1.68446 23.0475 -34.166
-0.0725459 0.929012 0.362868
0.980369 0.00298746 0.197148
0.181613 0.375613 -0.908808
1.125 -0.95625
1.72824 23.0859 -34.3766
-0.00151419 0.999972 0.00737427
0.980601 0.00273374 0.195995
0.195947 0.0126549 -0.980533
1.125 -0.95
1.77947 23.0475 -34.623
0.0530219 0.962659 -0.265475
0.980709 0.00183528 0.195463
0.188835 -0.267259 -0.944941
1.125 -0.94375
1.83668 22.9321 -34.8981
0.0904563 0.887038 -0.452749
0.980727 0.00115292 0.195377
0.174047 -0.45952 -0.870947
1.125 -0.9375
1.89836 22.7399 -35.1948
0.11637 0.80454 -0.582387
0.980718 0.000742495 0.195426
0.157862 -0.592497 -0.789954
1.125 -0.93125
1.96303 22.4707 -35.5059
0.135158 0.724046 -0.67638
0.980704 0.000498519 0.195498
0.142061 -0.688811 -0.710885
1.125 -0.925
2.02919 22.1246 -35.8241
0.149422 0.646958 -0.747742
0.980691 0.000345813 0.195564
0.12693 -0.761873 -0.635168
1.125 -0.91875
2.09535 21.7017 -36.1423
0.160636 0.572742 -0.803843
0.98068 0.000244222 0.19562
0.112365 -0.819274 -0.562285
1.125 -0.9125
2.16001 21.2018 -36.4533
0.169643 0.500585 -0.848903
0.98067 0.000172544 0.195671
0.0982067 -0.865361 -0.491433
1.125 -0.90625
2.22169 20.625 -36.75
0.175264 0.44731 -0.877038
0.977246 1.52434e-006 0.212109
0.0986484 -0.885271 -0.454494
1.125 -0.9
-1.82141 21.2018 -34.5769
-0.092064 -0.348826 0.932655
0.995188 9.69445e-005 0.0979827
-0.0342212 0.93737 0.346649
1.0625 -0.99375
-1.79588 20.625 -34.8223
-0.0903883 -0.393196 0.915001
0.996646 6.5104e-007 0.0818352
-0.0321716 0.919487 0.391801
1.0625 -1
-1.83784 21.7017 -34.419
-0.0952849 -0.243096 0.965311
0.995186 6.06421e-005 0.0980006
-0.0238377 0.970116 0.241469
1.0625 -0.9875
-1.84592 22.1246 -34.3413
-0.0977504 -0.0985033 0.990324
0.995176 1.34241e-005 0.0981066
-0.00965251 0.995162 0.0977772
1.0625 -0.98125
-1.84643 22.4707 -34.3365
-0.0976836 0.104662 0.989699
0.995143 2.12606e-005 0.0984442
0.0102437 0.994549 -0.103765
1.0625 -0.975
-1.84011 22.7399 -34.3972
-0.0907737 0.381925 0.919725
0.995067 0.000399249 0.0992092
0.037341 0.924949 -0.378252
1.0625 -0.96875
-1.82773 22.9321 -34.5162
-0.0704184 0.697239 0.713372
0.994988 0.00168813 0.0999847
0.0681783 0.719991 -0.690626
1.0625 -0.9625
-1.81004 23.0475 -34.6862
-0.0363944 0.928934 0.368452
0.995038 0.00298566 0.0994465
0.0910406 0.37581 -0.922214
1.0625 -0.95625
-1.7878 23.0859 -34.9
-0.000767794 0.999972 0.00750191
0.995155 0.00273169 0.098276
0.098234 0.0126694 -0.995083
1.0625 -0.95
-1.76177 23.0475 -35.1502
0.0265909 0.962616 -0.26956
0.995211 0.00183207 0.0977358
0.0946643 -0.267408 -0.958922
1.0625 -0.94375
-1.7327 22.9321 -35.4295
0.0453679 0.886918 -0.459693
0.99522 0.00114943 0.0976504
0.0872442 -0.459751 -0.883752
1.0625 -0.9375
-1.70136 22.7399 -35.7307
0.0583619 0.804358 -0.591271
0.995216 0.000739429 0.0977007
0.0791235 -0.592744 -0.801495
1.0625 -0.93125
-1.66851 22.4707 -36.0465
0.0677802 0.723826 -0.686645
0.995209 0.000495949 0.0977728
0.071198 -0.689043 -0.721215
1.0625 -0.925
-1.6349 22.1246 -36.3695
0.0749296 0.646716 -0.759041
0.995202 0.00034374 0.0978395
0.0636102 -0.762079 -0.644352
1.0625 -0.91875
-1.60129 21.7017 -36.6926
0.0805488 0.572493 -0.815943
0.995197 0.000242659 0.0978969
0.0563077 -0.819449 -0.570379
1.0625 -0.9125
-1.56843 21.2018 -37.0084
0.085061 0.500345 -0.861638
0.995192 0.000171439 0.0979471
0.0492102 -0.8655 -0.498485
1.0625 -0.90625
-1.53709 20.625 -37.3096
0.0878765 0.447081 -0.890167
0.99341 1.00432e-006 0.114619
0.0532788 -0.885403 -0.461761
1.0625 -0.9
-5.41893 21.2018 -34.7534
-0.00165779 -0.34881 0.937192
0.998799 0 0.0489986
-0.0177828 0.931818 0.36249
1 -0.99375
-5.41893 20.625 -35
-0.00177397 -0.393289 0.919413
0.998799 0 0.0489977
-0.0192413 0.919668 0.392226
1 -1
-5.41893 21.7017 -34.5947
-0.00140912 -0.243111 0.969998
0.998799 0 0.0489985
-0.0128584 0.964953 0.262109
1 -0.9875
-5.41893 22.1246 -34.5166
-0.00116334 -0.0985529 0.995131
0.998799 9.09458e-010 0.0489975
-0.00617555 0.992025 0.125887
1 -0.98125
-5.41893 22.4707 -34.5117
-0.000915809 0.104559 0.994518
0.998799 -7.16382e-010 0.0489975
0.00316719 0.997909 -0.0645622
1 -0.975
-5.41893 22.7399 -34.5728
-0.000656498 0.381748 0.924266
0.998799 -6.07878e-009 0.0489982
0.0160339 0.944943 -0.326842
1 -0.96875
-5.41893 22.9321 -34.6924
-0.000385153 0.697059 0.717014
0.998799 1.09058e-008 0.0489983
0.0313879 0.767882 -0.639822
1 -0.9625
-5.41893 23.0475 -34.8633
-0.000149066 0.928861 0.370428
0.998799 2.28453e-008 0.0489979
0.043987 0.440539 -0.896655
1 -0.95625
-5.41893 23.0859 -35.0781
-8.75335e-006 0.999971 0.00760772
0.998799 7.0011e-010 0.0489977
0.0488844 0.0679578 -0.99649
1 -0.95
-5.41893 23.0475 -35.3296
4.16436e-005 0.962606 -0.270903
0.998799 2.00919e-008 0.0489972
0.0476937 -0.229122 -0.972229
1 -0.94375
-5.41893 22.9321 -35.6104
4.51824e-005 0.886875 -0.46201
0.998799 -2.27689e-008 0.0489978
0.0441435 -0.433968 -0.899846
1 -0.9375
-5.41893 22.7399 -35.9131
3.27219e-005 0.804284 -0.594246
0.998799 -2.19403e-009 0.0489982
0.0400994 -0.57467 -0.817402
1 -0.93125
-5.41893 22.4707 -36.2305
1.8463e-005 0.723733 -0.69008
0.998799 0 0.0489978
0.0361202 -0.675696 -0.736295
1 -0.925
-5.41893 22.1246 -36.5552
7.74525e-006 0.646617 -0.762815
0.998799 7.84679e-010 0.0489975
0.0323093 -0.751787 -0.658614
1 -0.91875
-5.41893 21.7017 -36.8799
2.16509e-006 0.572391 -0.819981
0.998799 -9.4346e-010 0.0489979
0.0286483 -0.811261 -0.583982
1 -0.9125
-5.41893 21.2018 -37.1973
3.5319e-007 0.500244 -0.865885
0.998799 1.03826e-009 0.0489978
0.0250961 -0.858874 -0.511572
1 -0.90625
-5.41893 20.625 -37.5
-3.56346e-009 0.446983 -0.894542
0.998799 4.92255e-009 0.0489977
0.0227498 -0.885676 -0.463747
1 -0.9
-5.41893 20.625 -35
-0.00177397 -0.393289 0.919413
0.998995 1.15319e-007 -0.0448152
0.0176858 0.918836 0.394244
1 -1
-9.32197 21.2018 -34.5769
0.0860435 -0.35749 0.929945
0.995742 5.43358e-005 -0.092181
0.0329386 0.93377 0.356354
0.9375 -0.99375
-9.41277 20.625 -34.8223
0.0866321 -0.401922 0.911566
0.994308 -4.73534e-005 -0.106541
0.0432253 0.91418 0.402998
0.9375 -1
-5.41893 21.2018 -34.7534
-0.00165779 -0.34881 0.937192
0.998969 8.51915e-007 -0.0453925
0.0151706 0.942492 0.333884
1 -0.99375
-9.24842 21.7017 -34.419
0.0902158 -0.252985 0.963255
0.99564 3.98165e-005 -0.0932753
0.0236128 0.967319 0.252461
0.9375 -0.9875
-5.41893 21.7017 -34.5947
-0.00140912 -0.243111 0.969998
0.99894 4.56861e-007 -0.0460264
0.0102991 0.974641 0.223537
1 -0.9875
-9.19082 22.1246 -34.3413
0.0936804 -0.109677 0.989543
0.995553 1.1956e-005 -0.0942019
0.010407 0.993865 0.11011
0.9375 -0.98125
-5.41893 22.1246 -34.5166
-0.00116334 -0.0985529 0.995131
0.998914 7.00757e-008 -0.0465962
0.00335454 0.997405 0.071915
1 -0.98125
-9.14786 22.4707 -34.3365
0.0946672 0.0926865 0.991185
0.995494 1.1901e-005 -0.094825
-0.00865225 0.99584 -0.0907083
0.9375 -0.975
-5.41893 22.4707 -34.5117
-0.000915809 0.104559 0.994518
0.99889 1.88016e-007 -0.0470987
-0.00666371 0.989941 -0.141323
1 -0.975
-9.11824 22.7399 -34.3972
0.0887485 0.371145 0.924324
0.995486 0.00031565 -0.0949058
-0.0352686 0.929612 -0.366848
0.9375 -0.96875
-5.41893 22.7399 -34.5728
-0.000656498 0.381748 0.924266
0.99887 2.42926e-006 -0.0475311
-0.0204028 0.903207 -0.42872
1 -0.96875
-9.10066 22.9321 -34.5162
0.0690405 0.690993 0.719557
0.995502 0.00152597 -0.0947245
-0.0662454 0.72599 -0.684507
0.9375 -0.9625
-5.41893 22.9321 -34.6924
-0.000385153 0.697059 0.717014
0.998852 7.95192e-006 -0.0478969
-0.0355501 0.670279 -0.741257
1 -0.9625
-9.09382 23.0475 -34.6862
0.0354836 0.927469 0.372212
0.995409 0.00289703 -0.0956673
-0.0896249 0.378962 -0.921062
0.9375 -0.95625
-5.41893 23.0475 -34.8633
-0.000149066 0.928861 0.370428
0.998838 1.08446e-005 -0.0482036
-0.0458256 0.310423 -0.949493
1 -0.95625
-9.09641 23.0859 -34.9
0.000375889 0.999969 0.0078323
0.995258 0.00274371 -0.0972326
-0.0972595 0.0125253 -0.99518
0.9375 -0.95
-5.41893 23.0859 -35.0781
-8.75335e-006 0.999971 0.00760772
0.998826 7.50191e-006 -0.0484499
-0.0484053 -0.0427433 -0.997913
1 -0.95
-9.10714 23.0475 -35.1502
-0.0266514 0.962303 -0.270672
0.995174 0.00187043 -0.0981121
-0.0940029 -0.268735 -0.958616
0.9375 -0.94375
-5.41893 23.0475 -35.3296
4.16436e-005 0.962606 -0.270903
0.998816 3.77335e-006 -0.0486382
-0.0463008 -0.306205 -0.950839
1 -0.94375
-9.12471 22.9321 -35.4295
-0.045301 0.886314 -0.460864
0.995142 0.00117796 -0.0984454
-0.0868208 -0.460987 -0.883149
0.9375 -0.9375
-5.41893 22.9321 -35.6104
4.51824e-005 0.886875 -0.46201
0.99881 1.66693e-006 -0.0487777
-0.0426189 -0.486369 -0.872713
1 -0.9375
-9.14781 22.7399 -35.7307
-0.0582731 0.80375 -0.592106
0.995131 0.000753735 -0.0985623
-0.0788746 -0.59359 -0.800893
0.9375 -0.93125
-5.41893 22.7399 -35.9131
3.27219e-005 0.804284 -0.594246
0.998805 7.01846e-007 -0.0488745
-0.0386618 -0.611751 -0.790105
1 -0.93125
-9.17514 22.4707 -36.0465
-0.067708 0.723363 -0.68714
0.995127 0.000500213 -0.0985977
-0.0710671 -0.689527 -0.720765
0.9375 -0.925
-5.41893 22.4707 -36.2305
1.8463e-005 0.723733 -0.69008
0.998802 2.8832e-007 -0.0489371
-0.0347902 -0.703271 -0.71007
1 -0.925
-9.20541 22.1246 -36.3695
-0.0748818 0.646429 -0.759291
0.995128 0.000342616 -0.098594
-0.0635507 -0.762316 -0.644078
0.9375 -0.91875
-5.41893 22.1246 -36.5552
7.74525e-006 0.646617 -0.762815
