[RedMax3D.com._RedKid_PlugIn_V4.0.0.]
[Eport_mesh,_sceleton_and_sceleton_animation_of_3Ds_Max,_in_text_format_for_DirectX_dimension.]
[Start_Mesh_block]
Cylinder001
Normal:TRUE.
TangBinor:TRUE.
UVW:TRUE.
SceletData:FALSE.
Vertex_count:
7391
73.0348 -219.412 13.7833
0.984807 -1.81832e-009 0.17365
-0.17365 0 0.984807
-0 -1 -0
0.551765 0.944394
73.4095 -219.412 11.6584
0.984808 0 0.17365
-0.17365 0 0.984807
-0 -1 -0
0.543785 0.944394
73.4095 -200.079 11.6584
0.984807 -2.38796e-008 0.17365
-0.17365 0 0.984807
-0 -1 -0
0.543785 0.923779
64.9251 -219.412 36.0646
0.866024 0 0.500002
-0.500002 0 0.866024
-0 -1 -0
0.635446 0.944394
64.9251 -200.079 36.0646
0.866024 0 0.500002
-0.500002 0 0.866024
-0 -1 -0
0.635446 0.923779
63.8462 -200.079 37.9332
0.866024 0 0.500002
-0.500002 0 0.866024
-0 -1 -0
0.642464 0.923779
48.6049 -219.412 56.0971
0.642787 -3.6617e-007 0.766045
-0.766042 -6.69998e-007 0.64279
6.12442e-007 -1 -3.12453e-007
0.317457 0.944394
48.6049 -200.079 56.0971
0.64279 1.5432e-007 0.766042
-0.766042 -6.69998e-007 0.64279
6.12442e-007 -1 -3.12453e-007
0.317457 0.923779
46.952 -200.079 57.484
0.64279 1.14687e-007 0.766042
-0.766042 -6.69998e-007 0.64279
6.12442e-007 -1 -3.12453e-007
0.323665 0.923779
24.3899 -219.412 70.0777
0.342023 1.22354e-007 0.939691
-0.939691 2.01127e-015 0.342024
2.30821e-008 -1 6.34169e-008
0.4084 0.944394
26.4175 -219.412 69.3397
0.342024 6.74869e-008 0.939691
-0.939691 2.01127e-015 0.342024
2.30821e-008 -1 6.34169e-008
0.400785 0.944394
26.4174 -200.079 69.3397
0.342018 7.8803e-007 0.939694
-0.939691 2.01127e-015 0.342024
2.30821e-008 -1 6.34169e-008
0.400785 0.923779
1.03885 -219.412 74.1951
0 0 1
-1 0 0
-0 -1 -0
0.496098 0.944394
1.03885 -200.079 74.1951
0 0 1
-1 0 0
-0 -1 -0
0.496098 0.923779
-1.11883 -200.079 74.1951
0 0 1
-1 0 0
-0 -1 -0
0.504202 0.923779
-24.4699 -219.412 70.0777
-0.342018 0 0.939694
-0.939694 0 -0.342018
-0 -1 -0
0.5919 0.944394
-24.4699 -200.079 70.0777
-0.342018 0 0.939694
-0.939694 0 -0.342018
-0 -1 -0
0.5919 0.923779
-26.4974 -200.079 69.3397
-0.342018 0 0.939694
-0.939694 0 -0.342018
-0 -1 -0
0.599515 0.923779
-47.032 -219.412 57.484
-0.642787 0 0.766045
-0.766045 0 -0.642787
-0 -1 -0
0.676635 0.944394
-47.032 -200.079 57.484
-0.642787 0 0.766045
-0.766045 0 -0.642787
-0 -1 -0
0.676635 0.923779
-48.6849 -200.079 56.0971
-0.642787 0 0.766045
-0.766045 0 -0.642787
-0 -1 -0
0.682843 0.923779
-65.005 -219.412 36.0646
-0.866027 -2.41823e-008 0.499997
-0.499997 0 -0.866027
-0 -1 -0
0.364554 0.944394
-63.9262 -219.412 37.9332
-0.866027 0 0.499997
-0.499997 0 -0.866027
-0 -1 -0
0.357536 0.944394
-63.9262 -200.079 37.9332
-0.866026 -3.1758e-007 0.499999
-0.499997 0 -0.866027
-0 -1 -0
0.357536 0.923779
-73.1148 -219.412 13.7833
-0.984807 -9.78659e-009 0.17365
-0.17365 -6.69999e-007 -0.984807
1.41675e-007 -1 6.55354e-007
0.448235 0.944394
-73.1148 -200.079 13.7833
-0.984807 -2.572e-008 0.17365
-0.17365 -6.69999e-007 -0.984807
1.41675e-007 -1 6.55354e-007
0.448235 0.923779
-73.4894 -200.079 11.6584
-0.984807 -2.45067e-008 0.17365
-0.17365 -6.69999e-007 -0.984807
1.41675e-007 -1 6.55354e-007
0.456215 0.923779
-73.4894 -219.412 -12.0529
-0.984807 8.57332e-009 -0.17365
0.17365 -1.27752e-016 -0.984807
-8.44307e-009 -1 -1.48876e-009
0.545266 0.944394
-73.4894 -200.079 -12.0529
-0.984807 8.57332e-009 -0.17365
0.17365 -1.27752e-016 -0.984807
-8.44307e-009 -1 -1.48876e-009
0.545266 0.923779
-73.1148 -200.079 -14.1778
-0.984807 8.57332e-009 -0.17365
0.17365 -1.27752e-016 -0.984807
-8.44307e-009 -1 -1.48876e-009
0.553247 0.923779
-65.005 -219.412 -36.4591
-0.866026 6.8751e-009 -0.499999
0.499998 2.89571e-015 -0.866027
-8.41466e-008 -1 -4.85818e-008
0.636927 0.944394
-65.005 -200.079 -36.4591
-0.866027 9.7164e-008 -0.499998
0.499998 2.89571e-015 -0.866027
-8.41466e-008 -1 -4.85818e-008
0.636927 0.923779
-63.9262 -200.079 -38.3277
-0.866027 9.02889e-008 -0.499998
0.499998 2.89571e-015 -0.866027
-8.41466e-008 -1 -4.85818e-008
0.643945 0.923779
-48.6849 -219.412 -56.4916
-0.642786 0 -0.766046
0.766045 0 -0.642786
-0 -1 -0
0.317157 0.944394
-48.6849 -200.079 -56.4916
-0.642786 0 -0.766045
0.766045 0 -0.642786
-0 -1 -0
0.317157 0.923779
-47.032 -200.079 -57.8785
-0.642786 0 -0.766046
0.766045 0 -0.642786
-0 -1 -0
0.323365 0.923779
-24.4699 -219.412 -70.4721
-0.342018 4.77512e-009 -0.939693
0.939693 0 -0.342018
-0 -1 -0
0.4081 0.944394
-26.4975 -219.412 -69.7341
-0.342018 0 -0.939694
0.939693 0 -0.342018
-0 -1 -0
0.400485 0.944394
-26.4975 -200.079 -69.7341
-0.342017 6.27105e-008 -0.939694
0.939693 0 -0.342018
-0 -1 -0
0.400485 0.923779
-1.11886 -219.412 -74.5895
0 0 -1
1 0 0
-0 -1 -0
0.495798 0.944394
-1.11886 -200.079 -74.5895
0 0 -1
1 0 0
-0 -1 -0
0.495798 0.923779
1.03881 -200.079 -74.5895
0 0 -1
1 0 0
-0 -1 -0
0.503901 0.923779
24.3899 -219.412 -70.4721
0.342023 -6.19433e-007 -0.939691
0.939694 -1.34e-006 0.342017
-1.224e-006 -1 -5.54978e-007
0.5916 0.944394
24.3899 -200.079 -70.4721
0.342017 1.0288e-007 -0.939694
0.939694 -1.34e-006 0.342017
-1.224e-006 -1 -5.54978e-007
0.5916 0.923779
26.4174 -200.079 -69.7342
0.342018 4.78788e-008 -0.939694
0.939694 -1.34e-006 0.342017
-1.224e-006 -1 -5.54978e-007
0.599214 0.923779
46.952 -219.412 -57.8785
0.642788 0 -0.766044
0.766044 0 0.642788
-0 -1 -0
0.676335 0.944394
46.952 -200.079 -57.8785
0.642788 0 -0.766044
0.766044 0 0.642788
-0 -1 -0
0.676335 0.923779
48.6049 -200.079 -56.4916
0.642788 0 -0.766044
0.766044 0 0.642788
-0 -1 -0
0.682543 0.923779
64.925 -219.412 -36.4591
0.866025 0 -0.500001
0.500001 0 0.866025
-0 -1 -0
0.363072 0.944394
63.8462 -219.412 -38.3277
0.866025 0 -0.500001
0.500001 0 0.866025
-0 -1 -0
0.356055 0.944394
63.8462 -200.079 -38.3277
0.866025 0 -0.500001
0.500001 0 0.866025
-0 -1 -0
0.356055 0.923779
73.4095 -219.412 -12.0529
0.984807 1.6526e-008 -0.173651
0.173651 0 0.984807
1.68718e-008 -1 -2.97501e-009
0.454734 0.944394
73.0348 -219.412 -14.1778
0.984807 1.71321e-008 -0.173651
0.173651 0 0.984807
1.68718e-008 -1 -2.97501e-009
0.446753 0.944394
73.0348 -200.079 -14.1778
0.984807 9.17218e-009 -0.173651
0.173651 0 0.984807
1.68718e-008 -1 -2.97501e-009
0.446753 0.923779
-20.04 -54.8545 -34.8382
-0.253608 -0.861819 -0.439261
0.766044 0 -0.642788
0.551764 -0.512993 0.657567
0.424737 0.76892
-30.6818 -54.8545 -25.9087
-0.38855 -0.861819 -0.326032
0.766044 0 -0.642788
0.551764 -0.512993 0.657567
0.38477 0.76892
-42.2437 -45.9717 -35.6103
-0.38855 -0.861819 -0.326032
0.766044 0 -0.642788
0.551764 -0.512993 0.657567
0.341348 0.759448
-6.98593 -54.8545 -39.5895
-0.0880773 -0.86182 -0.499509
0.939692 -3.83732e-008 -0.342021
0.293588 -0.512992 0.806626
0.473763 0.76892
-20.04 -54.8545 -34.8382
-0.253608 -0.861819 -0.439261
0.939692 -3.83732e-008 -0.342021
0.293588 -0.512992 0.806626
0.424737 0.76892
-27.5865 -45.9717 -47.9092
-0.253608 -0.86182 -0.439261
0.939692 -3.83732e-008 -0.342021
0.293588 -0.512992 0.806626
0.396395 0.759448
6.90592 -54.8545 -39.5896
0.0880767 -0.86182 -0.499509
1 2.40354e-008 -5.34835e-007
4.71429e-007 -0.512992 0.858393
0.525936 0.76892
-6.98593 -54.8545 -39.5895
-0.0880773 -0.86182 -0.499509
1 2.40354e-008 -5.34835e-007
4.71429e-007 -0.512992 0.858393
0.473763 0.76892
-9.6068 -45.9717 -54.4532
-0.0880773 -0.86182 -0.499509
1 2.40354e-008 -5.34835e-007
4.71429e-007 -0.512992 0.858393
0.46392 0.759448
19.96 -54.8545 -34.8383
0.253607 -0.86182 -0.439261
0.939693 -3.83732e-008 0.34202
-0.293587 -0.512992 0.806626
0.574963 0.76892
6.90592 -54.8545 -39.5896
0.0880767 -0.86182 -0.499509
0.939693 -3.83732e-008 0.34202
-0.293587 -0.512992 0.806626
0.525936 0.76892
9.52679 -45.9717 -54.4533
0.0880768 -0.86182 -0.499509
0.939693 -3.83732e-008 0.34202
-0.293587 -0.512992 0.806626
0.535779 0.759448
30.6018 -54.8545 -25.9088
0.388549 -0.861819 -0.326032
0.766045 -2.55821e-008 0.642787
-0.551764 -0.512992 0.657568
0.614929 0.76892
19.96 -54.8545 -34.8383
0.253607 -0.86182 -0.439261
0.766045 -2.55821e-008 0.642787
-0.551764 -0.512992 0.657568
0.574963 0.76892
27.5065 -45.9717 -47.9092
0.253608 -0.861819 -0.439261
0.766045 -2.55821e-008 0.642787
-0.551764 -0.512992 0.657568
0.603305 0.759448
-42.2437 -45.9717 -35.6103
-0.766044 0 -0.642788
0.766044 0 -0.642788
-0 -1 -0
0.341348 0.759448
-42.2437 -18.4373 -35.6103
-0.766044 0 -0.642788
0.766044 0 -0.642788
-0 -1 -0
0.341348 0.730087
-27.5865 -18.4373 -47.9092
-0.5 0 -0.866025
0.766044 0 -0.642788
-0 -1 -0
0.396395 0.730087
-27.5865 -45.9717 -47.9092
-0.5 0 -0.866025
0.939692 0 -0.342021
-0 -1 -0
0.396395 0.759448
-27.5865 -18.4373 -47.9092
-0.5 0 -0.866025
0.939692 0 -0.342021
-0 -1 -0
0.396395 0.730087
-9.6068 -18.4373 -54.4532
-0.173649 0 -0.984808
0.939692 0 -0.342021
-0 -1 -0
0.46392 0.730087
-9.6068 -45.9717 -54.4532
-0.173649 0 -0.984808
1 0 -3.98743e-007
-0 -1 -0
0.46392 0.759448
-9.6068 -18.4373 -54.4532
-0.173649 0 -0.984808
1 0 -3.98743e-007
-0 -1 -0
0.46392 0.730087
9.52679 -18.4373 -54.4533
0.173648 0 -0.984808
1 0 -3.98743e-007
-0 -1 -0
0.535779 0.730087
27.5065 -45.9717 -47.9092
0.499999 0 -0.866026
0.939693 0 0.34202
-0 -1 -0
0.603305 0.759448
9.52679 -45.9717 -54.4533
0.173648 0 -0.984808
0.939693 0 0.34202
-0 -1 -0
0.535779 0.759448
9.52679 -18.4373 -54.4533
0.173648 0 -0.984808
0.939693 0 0.34202
-0 -1 -0
0.535779 0.730087
42.1637 -45.9717 -35.6104
0.766044 1.50821e-008 -0.642788
0.766045 -6.63207e-007 0.642787
-5.08046e-007 -1 -4.26301e-007
0.658352 0.759448
27.5065 -45.9717 -47.9092
0.499999 0 -0.866026
0.766045 -6.63207e-007 0.642787
-5.08046e-007 -1 -4.26301e-007
0.603305 0.759448
27.5065 -18.4373 -47.9092
0.499999 0 -0.866026
0.766045 -6.63207e-007 0.642787
-5.08046e-007 -1 -4.26301e-007
0.603305 0.730087
-27.5865 -18.4373 -47.9092
-0.492196 0.175994 -0.852508
0.766044 -1.55033e-008 -0.642788
-0.11146 -0.984851 -0.132833
0.396395 0.730087
-42.2437 -18.4373 -35.6103
-0.754088 0.175994 -0.632754
0.766044 -1.55033e-008 -0.642788
-0.11146 -0.984851 -0.132833
0.341348 0.730087
-30.6818 65.9827 -25.9087
-0.754088 0.175994 -0.632754
0.766044 -1.55033e-008 -0.642788
-0.11146 -0.984851 -0.132833
0.38477 0.640067
27.5065 -18.4373 -47.9092
0.492195 0.175994 -0.852508
0.766045 0 0.642787
0.11146 -0.984851 -0.132833
0.603305 0.730087
19.96 65.9827 -34.8383
0.492195 0.175994 -0.852508
0.766045 0 0.642787
0.11146 -0.984851 -0.132833
0.574963 0.640067
30.6018 65.9827 -25.9088
0.754087 0.175994 -0.632755
0.766045 0 0.642787
0.11146 -0.984851 -0.132833
0.614929 0.640067
64.5802 -225.279 4.14397
0.498353 -0.862509 0.087874
-0.17365 -2.57048e-008 0.984807
-0.849405 -0.506041 -0.149775
0.515563 0.95065
73.4095 -219.412 11.6584
0.498353 -0.862509 0.087874
-0.17365 -2.57048e-008 0.984807
-0.849405 -0.506041 -0.149775
0.543785 0.944394
73.0348 -219.412 13.7833
0.498353 -0.862509 0.087874
-0.17365 -2.57048e-008 0.984807
-0.849405 -0.506041 -0.149775
0.551765 0.944394
62.1679 -225.279 17.8248
0.348581 -1.38705e-007 0.937279
-0.937279 2.24438e-006 0.348581
-2.15196e-006 -1 6.5234e-007
0.26652 0.95065
73.0348 -219.412 13.7833
0.348581 -1.38705e-007 0.937279
-0.937279 2.24438e-006 0.348581
-2.15196e-006 -1 6.5234e-007
0.225707 0.944394
73.0348 -200.079 13.7833
0.348581 -1.38705e-007 0.937279
-0.937279 2.24438e-006 0.348581
-2.15196e-006 -1 6.5234e-007
0.225707 0.923779
64.5802 -194.212 4.14397
0.498354 0.862509 0.0878734
-0.173648 -6.42619e-009 0.984808
0.849406 -0.506042 0.149773
0.515563 0.917522
62.1679 -194.212 17.8248
0.498354 0.862509 0.0878734
-0.173648 -6.42619e-009 0.984808
0.849406 -0.506042 0.149773
0.566943 0.917522
73.0348 -200.079 13.7833
0.498354 0.862509 0.0878734
-0.173648 -6.42619e-009 0.984808
0.849406 -0.506042 0.149773
0.551765 0.923779
64.5802 -225.279 4.14397
0.648127 4.23627e-008 -0.761532
0.761532 -4.65555e-007 0.648127
-3.27079e-007 -1 -3.33999e-007
0.74254 0.95065
64.5802 -194.212 4.14397
0.648127 4.23627e-008 -0.761532
0.761532 -4.65555e-007 0.648127
-3.27079e-007 -1 -3.33999e-007
0.74254 0.917522
73.4095 -200.079 11.6584
0.648127 4.23627e-008 -0.761532
0.761532 -4.65555e-007 0.648127
-3.27079e-007 -1 -3.33999e-007
0.7757 0.923779
59.1984 -225.279 25.9836
0.438244 -0.862509 0.253022
-0.500002 6.42619e-008 0.866024
-0.746954 -0.506041 -0.431256
0.597585 0.95065
64.9251 -219.412 36.0646
0.438244 -0.862509 0.253022
-0.500002 6.42619e-008 0.866024
-0.746954 -0.506041 -0.431256
0.635446 0.944394
63.8462 -219.412 37.9332
0.438244 -0.862509 0.253022
-0.500002 6.42619e-008 0.866024
-0.746954 -0.506041 -0.431256
0.642464 0.944394
52.2524 -225.279 38.0143
0.00699038 0 0.999976
-0.999976 2.24438e-006 0.00699038
-2.24432e-006 -1 1.56891e-008
0.303759 0.95065
63.8462 -219.412 37.9332
0.00699038 0 0.999976
-0.999976 2.24438e-006 0.00699038
-2.24432e-006 -1 1.56891e-008
0.260216 0.944394
63.8462 -200.079 37.9332
0.00699038 0 0.999976
-0.999976 2.24438e-006 0.00699038
-2.24432e-006 -1 1.56891e-008
0.260216 0.923779
59.1984 -194.212 25.9836
0.438245 0.862509 0.253021
-0.5 2.746e-007 0.866025
0.746954 -0.506042 0.431255
0.597585 0.917522
52.2524 -194.212 38.0143
0.438245 0.862509 0.253021
-0.5 2.746e-007 0.866025
0.746954 -0.506042 0.431255
0.642768 0.917522
63.8462 -200.079 37.9332
0.438245 0.862509 0.253021
-0.5 2.746e-007 0.866025
0.746954 -0.506042 0.431255
0.642464 0.923779
59.1984 -194.212 25.9836
0.8695 0 -0.493934
0.493934 1.24688e-007 0.8695
6.15874e-008 -1 1.08416e-007
0.597585 0.917522
64.9251 -200.079 36.0646
0.8695 0 -0.493934
0.493934 1.24688e-007 0.8695
6.15874e-008 -1 1.08416e-007
0.635446 0.923779
64.9251 -219.412 36.0646
0.8695 0 -0.493934
0.493934 1.24688e-007 0.8695
6.15874e-008 -1 1.08416e-007
0.635446 0.944394
46.6715 -225.279 44.6654
0.325277 -0.862509 0.387651
-0.766045 3.85572e-008 0.642786
-0.554409 -0.506041 -0.660721
0.324719 0.95065
48.6049 -219.412 56.0971
0.325277 -0.862509 0.387651
-0.766045 3.85572e-008 0.642786
-0.554409 -0.506041 -0.660721
0.317457 0.944394
46.952 -219.412 57.484
0.325277 -0.862509 0.387651
-0.766045 3.85572e-008 0.642786
-0.554409 -0.506041 -0.660721
0.323665 0.944394
36.0297 -194.212 53.5949
-0.335443 8.47254e-008 0.942061
-0.942061 1.55185e-006 -0.335443
-1.49036e-006 -1 -4.4074e-007
0.364685 0.917522
36.0297 -225.279 53.5949
-0.335443 8.47254e-008 0.942061
-0.942061 1.55185e-006 -0.335443
-1.49036e-006 -1 -4.4074e-007
0.364685 0.95065
46.952 -219.412 57.484
-0.335443 8.47254e-008 0.942061
-0.942061 1.55185e-006 -0.335443
-1.49036e-006 -1 -4.4074e-007
0.323665 0.944394
36.0297 -194.212 53.5949
0.325278 0.862509 0.38765
-0.766042 -9.69275e-007 0.64279
0.554413 -0.506042 0.660718
0.364685 0.917522
46.952 -200.079 57.484
0.325278 0.862509 0.38765
-0.766042 -9.69275e-007 0.64279
0.554413 -0.506042 0.660718
0.323665 0.923779
48.6049 -200.079 56.0971
0.325278 0.862509 0.38765
-0.766042 -9.69275e-007 0.64279
0.554413 -0.506042 0.660718
0.317457 0.923779
46.6715 -225.279 44.6654
0.985998 -2.64767e-007 -0.166759
0.166759 1.24148e-006 0.985998
-5.40315e-008 -1 1.26825e-006
0.667747 0.95065
46.6715 -194.212 44.6654
0.985998 -2.64767e-007 -0.166759
0.166759 1.24148e-006 0.985998
-5.40315e-008 -1 1.26825e-006
0.667747 0.917522
48.6049 -200.079 56.0971
0.985998 -2.64767e-007 -0.166759
0.166759 1.24148e-006 0.985998
-5.40315e-008 -1 1.26825e-006
0.710681 0.923779
15.4564 -225.279 62.6874
0.173077 -0.862509 0.475524
-0.939693 0 0.34202
-0.294996 -0.506042 -0.810493
0.441951 0.95065
28.5105 -225.279 57.9361
0.173077 -0.862509 0.475524
-0.939693 0 0.34202
-0.294996 -0.506042 -0.810493
0.392925 0.95065
26.4175 -219.412 69.3397
0.173077 -0.862509 0.475524
-0.939693 0 0.34202
-0.294996 -0.506042 -0.810493
0.400785 0.944394
15.4564 -225.279 62.6874
-0.637418 4.19485e-007 0.770519
-0.770519 2.24437e-006 -0.637418
-1.99672e-006 -1 -1.10738e-006
0.441951 0.95065
24.3899 -219.412 70.0777
-0.637418 4.19485e-007 0.770519
-0.770519 2.24437e-006 -0.637418
-1.99672e-006 -1 -1.10738e-006
0.4084 0.944394
24.3899 -200.079 70.0777
-0.637418 4.19485e-007 0.770519
-0.770519 2.24437e-006 -0.637418
-1.99672e-006 -1 -1.10738e-006
0.4084 0.923779
28.5105 -194.212 57.9361
0.173077 0.862509 0.475524
-0.939692 -1.76295e-006 0.342023
0.294999 -0.506042 0.810492
0.392925 0.917522
15.4564 -194.212 62.6874
0.173077 0.862509 0.475524
-0.939692 -1.76295e-006 0.342023
0.294999 -0.506042 0.810492
0.441951 0.917522
24.3899 -200.079 70.0777
0.173077 0.862509 0.475524
-0.939692 -1.76295e-006 0.342023
0.294999 -0.506042 0.810492
0.4084 0.923779
28.5105 -225.279 57.9361
0.98357 2.01223e-007 0.180528
-0.180528 -7.75924e-007 0.98357
3.37993e-007 -1 -7.26849e-007
0.717587 0.95065
28.5105 -194.212 57.9361
0.98357 2.01223e-007 0.180528
-0.180528 -7.75924e-007 0.98357
3.37993e-007 -1 -7.26849e-007
0.717587 0.917522
26.4174 -200.079 69.3397
0.98357 2.01223e-007 0.180528
-0.180528 -7.75924e-007 0.98357
3.37993e-007 -1 -7.26849e-007
0.760415 0.923779
6.90594 -225.279 64.1951
0 -0.862509 0.506042
-1 0 0
-0 -0.506042 -0.862509
0.474064 0.95065
1.03885 -219.412 74.1951
0 -0.862509 0.506042
-1 0 0
-0 -0.506042 -0.862509
0.496098 0.944394
-1.11883 -219.412 74.1951
0 -0.862509 0.506042
-1 0 0
-0 -0.506042 -0.862509
0.504202 0.944394
-6.98592 -225.279 64.1951
-0.862509 0 0.506042
-0.506042 2.30672e-006 -0.862509
-1.1673e-006 -1 -1.98957e-006
0.258906 0.95065
-1.11883 -219.412 74.1951
-0.862509 0 0.506042
-0.506042 2.30672e-006 -0.862509
-1.1673e-006 -1 -1.98957e-006
0.22135 0.944394
-1.11883 -200.079 74.1951
-0.862509 0 0.506042
-0.506042 2.30672e-006 -0.862509
-1.1673e-006 -1 -1.98957e-006
0.22135 0.923779
6.90594 -194.212 64.1951
0 0.862509 0.506042
-1 0 0
-0 -0.506042 0.862509
0.474064 0.917522
-6.98592 -194.212 64.1951
0 0.862509 0.506042
-1 0 0
-0 -0.506042 0.862509
0.526237 0.917522
-1.11883 -200.079 74.1951
0 0.862509 0.506042
-1 0 0
-0 -0.506042 0.862509
0.504202 0.923779
6.90594 -225.279 64.1951
0.862509 0 0.506042
-0.506042 1.39666e-006 0.862509
-7.0677e-007 -1 1.20463e-006
0.741094 0.95065
6.90594 -194.212 64.1951
0.862509 0 0.506042
-0.506042 1.39666e-006 0.862509
-7.0677e-007 -1 1.20463e-006
0.741094 0.917522
1.03885 -200.079 74.1951
0.862509 0 0.506042
-0.506042 1.39666e-006 0.862509
-7.0677e-007 -1 1.20463e-006
0.77865 0.923779
-28.5905 -225.279 57.9361
-0.173077 -0.862509 0.475524
-0.939693 1.28524e-008 -0.34202
0.294996 -0.506042 -0.810493
0.607376 0.95065
-15.5364 -225.279 62.6874
-0.173077 -0.862509 0.475524
-0.939693 1.28524e-008 -0.34202
0.294996 -0.506042 -0.810493
0.558349 0.95065
-24.4699 -219.412 70.0777
-0.173077 -0.862509 0.475524
-0.939693 1.28524e-008 -0.34202
0.294996 -0.506042 -0.810493
0.5919 0.944394
-28.5905 -225.279 57.9361
-0.98357 0 0.180528
-0.180528 2.30672e-006 -0.98357
-4.16427e-007 -1 -2.26882e-006
0.282413 0.95065
-26.4974 -219.412 69.3397
-0.98357 0 0.180528
-0.180528 2.30672e-006 -0.98357
-4.16427e-007 -1 -2.26882e-006
0.239585 0.944394
-26.4974 -200.079 69.3397
-0.98357 0 0.180528
-0.180528 2.30672e-006 -0.98357
-4.16427e-007 -1 -2.26882e-006
0.239585 0.923779
-28.5905 -194.212 57.9361
-0.173075 0.862509 0.475523
-0.939694 6.4262e-008 -0.342018
-0.294994 -0.506041 0.810495
0.607376 0.917522
-26.4974 -200.079 69.3397
-0.173075 0.862509 0.475523
-0.939694 6.4262e-008 -0.342018
-0.294994 -0.506041 0.810495
0.599515 0.923779
-24.4699 -200.079 70.0777
-0.173075 0.862509 0.475523
-0.939694 6.4262e-008 -0.342018
-0.294994 -0.506041 0.810495
0.5919 0.923779
-15.5364 -225.279 62.6874
0.637417 0 0.770519
-0.770519 1.39666e-006 0.637417
-1.07616e-006 -1 8.90256e-007
0.558349 0.95065
-15.5364 -194.212 62.6874
0.637417 0 0.770519
-0.770519 1.39666e-006 0.637417
-1.07616e-006 -1 8.90256e-007
0.558349 0.917522
-24.4699 -200.079 70.0777
0.637417 0 0.770519
-0.770519 1.39666e-006 0.637417
-1.07616e-006 -1 8.90256e-007
0.5919 0.923779
-46.7514 -225.279 44.6654
-0.325277 -0.862509 0.38765
-0.766044 1.28524e-008 -0.642788
0.55441 -0.506042 -0.66072
0.675582 0.95065
-36.1097 -225.279 53.5949
-0.325277 -0.862509 0.38765
-0.766044 1.28524e-008 -0.642788
0.55441 -0.506042 -0.66072
0.635615 0.95065
-47.032 -219.412 57.484
-0.325277 -0.862509 0.38765
-0.766044 1.28524e-008 -0.642788
0.55441 -0.506042 -0.66072
0.676635 0.944394
-46.7514 -225.279 44.6654
-0.985998 0 -0.16676
0.16676 2.36906e-006 -0.985998
3.95064e-007 -1 -2.33589e-006
0.332253 0.95065
-48.6849 -219.412 56.0971
-0.985998 0 -0.16676
0.16676 2.36906e-006 -0.985998
3.95064e-007 -1 -2.33589e-006
0.289319 0.944394
-48.6849 -200.079 56.0971
-0.985998 0 -0.16676
0.16676 2.36906e-006 -0.985998
3.95064e-007 -1 -2.33589e-006
0.289319 0.923779
-46.7514 -194.212 44.6654
-0.325277 0.862509 0.387651
-0.766045 6.42619e-008 -0.642787
-0.55441 -0.506042 0.660721
0.675582 0.917522
-48.6849 -200.079 56.0971
-0.325277 0.862509 0.387651
-0.766045 6.42619e-008 -0.642787
-0.55441 -0.506042 0.660721
0.682843 0.923779
-47.032 -200.079 57.484
-0.325277 0.862509 0.387651
-0.766045 6.42619e-008 -0.642787
-0.55441 -0.506042 0.660721
0.676635 0.923779
-36.1097 -225.279 53.5949
0.335443 0 0.942061
-0.942061 1.39666e-006 0.335443
-1.31574e-006 -1 4.68501e-007
0.635615 0.95065
-36.1097 -194.212 53.5949
0.335443 0 0.942061
-0.942061 1.39666e-006 0.335443
-1.31574e-006 -1 4.68501e-007
0.635615 0.917522
-47.032 -200.079 57.484
0.335443 0 0.942061
-0.942061 1.39666e-006 0.335443
-1.31574e-006 -1 4.68501e-007
0.676635 0.923779
-52.3324 -225.279 38.0143
-0.438245 -0.862509 0.253019
-0.499997 8.99668e-008 -0.866027
0.746957 -0.506041 -0.431252
0.357232 0.95065
-63.9262 -219.412 37.9332
-0.438245 -0.862509 0.253019
-0.499997 8.99668e-008 -0.866027
0.746957 -0.506041 -0.431252
0.357536 0.944394
-65.005 -219.412 36.0646
-0.438245 -0.86251 0.253019
-0.499997 8.99668e-008 -0.866027
0.746957 -0.506041 -0.431252
0.364554 0.944394
-59.2783 -194.212 25.9836
-0.8695 3.1772e-008 -0.493933
0.493933 1.70703e-006 -0.8695
8.15535e-007 -1 -1.49996e-006
0.402415 0.917522
-59.2783 -225.279 25.9836
-0.8695 3.1772e-008 -0.493933
0.493933 1.70703e-006 -0.8695
8.15535e-007 -1 -1.49996e-006
0.402415 0.95065
-65.005 -219.412 36.0646
-0.8695 3.1772e-008 -0.493933
0.493933 1.70703e-006 -0.8695
8.15535e-007 -1 -1.49996e-006
0.364554 0.944394
-52.3324 -194.212 38.0143
-0.438245 0.862509 0.253021
-0.5 -2.746e-007 -0.866025
-0.746955 -0.506042 0.431255
0.357232 0.917522
-59.2783 -194.212 25.9836
-0.438245 0.862509 0.253021
-0.5 -2.746e-007 -0.866025
-0.746955 -0.506042 0.431255
0.402415 0.917522
-65.005 -200.079 36.0646
-0.438245 0.862509 0.253021
-0.5 -2.746e-007 -0.866025
-0.746955 -0.506042 0.431255
0.364554 0.923779
-52.3324 -194.212 38.0143
-0.00699038 0 0.999976
-0.999976 -1.87031e-007 -0.00699038
1.87027e-007 -1 1.30742e-009
0.696542 0.917522
-63.9262 -200.079 37.9332
-0.00699038 0 0.999976
-0.999976 -1.87031e-007 -0.00699038
1.87027e-007 -1 1.30742e-009
0.740084 0.923779
-63.9262 -219.412 37.9332
-0.00699038 0 0.999976
-0.999976 -1.87031e-007 -0.00699038
1.87027e-007 -1 1.30742e-009
0.740084 0.944394
-64.6602 -225.279 4.14398
-0.498354 -0.862509 0.0878732
-0.173648 -2.57048e-008 -0.984808
0.849405 -0.506042 -0.149773
0.484437 0.95065
-62.2479 -225.279 17.8248
-0.498354 -0.862509 0.0878732
-0.173648 -2.57048e-008 -0.984808
0.849405 -0.506042 -0.149773
0.433056 0.95065
-73.1148 -219.412 13.7833
-0.498354 -0.862509 0.0878732
-0.173648 -2.57048e-008 -0.984808
0.849405 -0.506042 -0.149773
0.448235 0.944394
-64.6602 -194.212 4.14398
-0.648127 2.11813e-008 -0.761532
0.761532 1.86222e-006 -0.648127
1.40441e-006 -1 -1.22308e-006
0.25716 0.917522
-64.6602 -225.279 4.14398
-0.648127 2.11813e-008 -0.761532
0.761532 1.86222e-006 -0.648127
1.40441e-006 -1 -1.22308e-006
0.25716 0.95065
-73.4894 -219.412 11.6584
-0.648127 2.11813e-008 -0.761532
0.761532 1.86222e-006 -0.648127
1.40441e-006 -1 -1.22308e-006
0.224 0.944394
-64.6602 -194.212 4.14398
-0.498354 0.862509 0.0878734
-0.17365 -8.98592e-007 -0.984807
-0.849405 -0.506042 0.149775
0.484437 0.917522
-73.4894 -200.079 11.6584
-0.498354 0.862509 0.0878734
-0.17365 -8.98592e-007 -0.984807
-0.849405 -0.506042 0.149775
0.456215 0.923779
-73.1148 -200.079 13.7833
-0.498354 0.862509 0.0878734
-0.17365 -8.98592e-007 -0.984807
-0.849405 -0.506042 0.149775
0.448235 0.923779
-62.2479 -194.212 17.8248
-0.348581 -1.38705e-007 0.937279
-0.937279 6.23438e-008 -0.348581
-1.00835e-008 -1 -1.51737e-007
0.733781 0.917522
-73.1148 -200.079 13.7833
-0.348581 -1.38705e-007 0.937279
-0.937279 6.23438e-008 -0.348581
-1.00835e-008 -1 -1.51737e-007
0.774593 0.923779
-73.1148 -219.412 13.7833
-0.348581 -1.38705e-007 0.937279
-0.937279 6.23438e-008 -0.348581
-1.00835e-008 -1 -1.51737e-007
0.774593 0.944394
-64.6602 -225.279 -4.53843
-0.498353 -0.862509 -0.087874
0.17365 2.57048e-008 -0.984807
0.849406 -0.506041 0.149775
0.517045 0.95065
-73.4894 -219.412 -12.0529
-0.498353 -0.862509 -0.087874
0.17365 2.57048e-008 -0.984807
0.849406 -0.506041 0.149775
0.545266 0.944394
-73.1148 -219.412 -14.1778
-0.498353 -0.862509 -0.087874
0.17365 2.57048e-008 -0.984807
0.849406 -0.506041 0.149775
0.553247 0.944394
-62.2479 -194.212 -18.2192
-0.348581 6.3544e-008 -0.937279
0.937279 1.86222e-006 -0.348581
1.72327e-006 -1 -7.08693e-007
0.266219 0.917522
-62.2479 -225.279 -18.2192
-0.348581 6.3544e-008 -0.937279
0.937279 1.86222e-006 -0.348581
1.72327e-006 -1 -7.08693e-007
0.266219 0.95065
-73.1148 -219.412 -14.1778
-0.348581 6.3544e-008 -0.937279
0.937279 1.86222e-006 -0.348581
1.72327e-006 -1 -7.08693e-007
0.225407 0.944394
-64.6602 -194.212 -4.53843
-0.498354 0.862509 -0.0878732
0.173648 -1.92786e-008 -0.984808
-0.849405 -0.506042 -0.149773
0.517045 0.917522
-62.2479 -194.212 -18.2192
-0.498354 0.862509 -0.0878732
0.173648 -1.92786e-008 -0.984808
-0.849405 -0.506042 -0.149773
0.568425 0.917522
-73.1148 -200.079 -14.1778
-0.498354 0.862509 -0.0878732
0.173648 -1.92786e-008 -0.984808
-0.849405 -0.506042 -0.149773
0.553247 0.923779
-64.6602 -225.279 -4.53843
-0.648127 -2.11813e-008 0.761532
-0.761532 -6.20739e-007 -0.648127
4.86441e-007 -1 3.86188e-007
0.74284 0.95065
-64.6602 -194.212 -4.53843
-0.648127 -2.11813e-008 0.761532
-0.761532 -6.20739e-007 -0.648127
4.86441e-007 -1 3.86188e-007
0.74284 0.917522
-73.4894 -200.079 -12.0529
-0.648127 -2.11813e-008 0.761532
-0.761532 -6.20739e-007 -0.648127
4.86441e-007 -1 3.86188e-007
0.776 0.923779
-52.3324 -225.279 -38.4087
-0.438245 -0.862509 -0.253021
0.5 1.28524e-008 -0.866026
0.746955 -0.506042 0.431254
0.644249 0.95065
-59.2783 -225.279 -26.378
-0.438245 -0.862509 -0.253021
0.5 1.28524e-008 -0.866026
0.746955 -0.506042 0.431254
0.599066 0.95065
-65.005 -219.412 -36.4591
-0.438245 -0.862509 -0.253021
0.5 1.28524e-008 -0.866026
0.746955 -0.506042 0.431254
0.636927 0.944394
-52.3324 -225.279 -38.4087
-0.00699071 0 -0.999976
0.999976 2.24438e-006 -0.00699071
2.24432e-006 -1 -1.56898e-008
0.303458 0.95065
-63.9262 -219.412 -38.3277
-0.00699071 0 -0.999976
0.999976 2.24438e-006 -0.00699071
2.24432e-006 -1 -1.56898e-008
0.259916 0.944394
-63.9262 -200.079 -38.3277
-0.00699071 0 -0.999976
0.999976 2.24438e-006 -0.00699071
2.24432e-006 -1 -1.56898e-008
0.259916 0.923779
-52.3324 -194.212 -38.4087
-0.438245 0.862509 -0.25302
0.499998 -1.02819e-007 -0.866027
-0.746956 -0.506041 -0.431253
0.644249 0.917522
-63.9262 -200.079 -38.3277
-0.438245 0.862509 -0.25302
0.499998 -1.02819e-007 -0.866027
-0.746956 -0.506041 -0.431253
0.643945 0.923779
-65.005 -200.079 -36.4591
-0.438245 0.862509 -0.25302
0.499998 -1.02819e-007 -0.866027
-0.746956 -0.506041 -0.431253
0.636927 0.923779
-59.2783 -225.279 -26.378
-0.869499 -3.1772e-008 0.493934
-0.493934 1.24148e-006 -0.869499
-5.85583e-007 -1 -1.09516e-006
0.599066 0.95065
-59.2783 -194.212 -26.378
-0.869499 -3.1772e-008 0.493934
-0.493934 1.24148e-006 -0.869499
-5.85583e-007 -1 -1.09516e-006
0.599066 0.917522
-65.005 -200.079 -36.4591
-0.869499 -3.1772e-008 0.493934
-0.493934 1.24148e-006 -0.869499
-5.85583e-007 -1 -1.09516e-006
0.636927 0.923779
-46.7515 -225.279 -45.0598
-0.325277 -0.862509 -0.387651
0.766045 0 -0.642786
0.554409 -0.506041 0.660721
0.324418 0.95065
-48.6849 -219.412 -56.4916
-0.325277 -0.862509 -0.387651
0.766045 0 -0.642786
0.554409 -0.506041 0.660721
0.317157 0.944394
-47.032 -219.412 -57.8785
-0.325277 -0.862509 -0.387651
0.766045 0 -0.642786
0.554409 -0.506041 0.660721
0.323365 0.944394
-36.1097 -194.212 -53.9893
0.335443 0 -0.94206
0.942061 1.70703e-006 0.335443
1.60813e-006 -1 5.72613e-007
0.364385 0.917522
-36.1097 -225.279 -53.9893
0.335443 0 -0.942061
0.942061 1.70703e-006 0.335443
1.60813e-006 -1 5.72613e-007
0.364385 0.95065
-47.032 -219.412 -57.8785
0.335443 0 -0.942061
0.942061 1.70703e-006 0.335443
1.60813e-006 -1 5.72613e-007
0.323365 0.944394
-46.7515 -194.212 -45.0598
-0.325277 0.862509 -0.38765
0.766045 1.28524e-008 -0.642787
-0.55441 -0.506042 -0.66072
0.324418 0.917522
-36.1097 -194.212 -53.9893
-0.325277 0.862509 -0.387651
0.766045 1.28524e-008 -0.642787
-0.55441 -0.506042 -0.66072
0.364385 0.917522
-47.032 -200.079 -57.8785
-0.325277 0.862509 -0.387651
0.766045 1.28524e-008 -0.642787
-0.55441 -0.506042 -0.66072
0.323365 0.923779
-46.7515 -194.212 -45.0598
-0.985998 0 0.16676
-0.16676 -6.23438e-008 -0.985998
1.03964e-008 -1 6.14708e-008
0.669229 0.917522
-48.6849 -200.079 -56.4916
-0.985998 0 0.16676
-0.16676 -6.23438e-008 -0.985998
1.03964e-008 -1 6.14708e-008
0.712162 0.923779
-48.6849 -219.412 -56.4916
-0.985998 0 0.16676
-0.16676 -6.23438e-008 -0.985998
1.03964e-008 -1 6.14708e-008
0.712162 0.944394
-28.5905 -225.279 -58.3306
-0.173075 -0.862509 -0.475523
0.939693 6.4262e-008 -0.342018
0.294994 -0.506041 0.810494
0.392624 0.95065
-26.4975 -219.412 -69.7341
-0.173075 -0.862509 -0.475523
0.939693 6.4262e-008 -0.342018
0.294994 -0.506041 0.810494
0.400485 0.944394
-24.4699 -219.412 -70.4721
-0.173075 -0.862509 -0.475523
0.939693 6.4262e-008 -0.342018
0.294994 -0.506041 0.810494
0.4081 0.944394
-15.5364 -225.279 -63.0819
0.637416 -1.25773e-007 -0.77052
0.77052 2.30672e-006 0.637416
1.6972e-006 -1 1.56725e-006
0.441651 0.95065
-24.4699 -219.412 -70.4721
0.637416 -1.25773e-007 -0.77052
0.77052 2.30672e-006 0.637416
1.6972e-006 -1 1.56725e-006
0.4081 0.944394
-24.4699 -200.079 -70.4721
0.637416 -1.25773e-007 -0.77052
0.77052 2.30672e-006 0.637416
1.6972e-006 -1 1.56725e-006
0.4081 0.923779
-28.5905 -194.212 -58.3306
-0.173077 0.862509 -0.475524
0.939692 3.13157e-007 -0.34202
-0.294996 -0.506042 -0.810493
0.392624 0.917522
-15.5364 -194.212 -63.0819
-0.173077 0.862509 -0.475524
0.939692 3.13157e-007 -0.34202
-0.294996 -0.506042 -0.810493
0.441651 0.917522
-24.4699 -200.079 -70.4721
-0.173077 0.862509 -0.475524
0.939692 3.13157e-007 -0.34202
-0.294996 -0.506042 -0.810493
0.4081 0.923779
-28.5905 -225.279 -58.3306
-0.98357 1.00611e-007 -0.180527
0.180527 -3.1037e-007 -0.98357
-1.54989e-007 -1 2.87107e-007
0.719069 0.95065
-28.5905 -194.212 -58.3306
-0.98357 1.00611e-007 -0.180527
0.180527 -3.1037e-007 -0.98357
-1.54989e-007 -1 2.87107e-007
0.719069 0.917522
-26.4975 -200.079 -69.7341
-0.98357 1.00611e-007 -0.180527
0.180527 -3.1037e-007 -0.98357
-1.54989e-007 -1 2.87107e-007
0.761896 0.923779
-6.98594 -225.279 -64.5895
0 -0.862509 -0.506042
1 0 0
-0 -0.506042 0.862509
0.473763 0.95065
-1.11886 -219.412 -74.5895
0 -0.862509 -0.506042
1 0 0
-0 -0.506042 0.862509
0.495798 0.944394
1.03881 -219.412 -74.5895
0 -0.862509 -0.506042
1 0 0
-0 -0.506042 0.862509
0.503901 0.944394
6.90591 -194.212 -64.5895
0.862508 2.43586e-007 -0.506043
0.506043 -4.65555e-007 0.862508
-2.54963e-008 -1 -5.2481e-007
0.257425 0.917522
6.90591 -225.279 -64.5896
0.862508 2.43586e-007 -0.506043
0.506043 -4.65555e-007 0.862508
-2.54963e-008 -1 -5.2481e-007
0.257425 0.95065
1.03881 -219.412 -74.5895
0.862508 2.43586e-007 -0.506043
0.506043 -4.65555e-007 0.862508
-2.54963e-008 -1 -5.2481e-007
0.219868 0.944394
-6.98594 -194.212 -64.5895
0 0.862509 -0.506042
1 0 0
-0 -0.506042 -0.862509
0.473763 0.917522
6.90591 -194.212 -64.5895
0 0.862509 -0.506042
1 0 0
-0 -0.506042 -0.862509
0.525936 0.917522
1.03881 -200.079 -74.5895
0 0.862509 -0.506042
1 0 0
-0 -0.506042 -0.862509
0.503901 0.923779
-6.98594 -194.212 -64.5895
-0.862509 0 -0.506041
0.506041 -6.23438e-008 -0.862509
-3.15485e-008 -1 5.37721e-008
0.742575 0.917522
-1.11886 -200.079 -74.5895
-0.862509 0 -0.506041
0.506041 -6.23438e-008 -0.862509
-3.15485e-008 -1 5.37721e-008
0.780132 0.923779
-1.11886 -219.412 -74.5895
-0.862509 0 -0.506041
0.506041 -6.23438e-008 -0.862509
-3.15485e-008 -1 5.37721e-008
0.780132 0.944394
15.4564 -225.279 -63.0819
0.173078 -0.86251 -0.475522
0.939691 -1.28524e-008 0.342024
-0.294999 -0.506041 0.810493
0.558049 0.95065
24.3899 -219.412 -70.4721
0.173078 -0.86251 -0.475522
0.939691 -1.28524e-008 0.342024
-0.294999 -0.506041 0.810493
0.5916 0.944394
26.4174 -219.412 -69.7342
0.173078 -0.862509 -0.475522
0.939691 -1.28524e-008 0.342024
-0.294999 -0.506041 0.810493
0.599214 0.944394
28.5105 -194.212 -58.3306
0.98357 1.95928e-007 -0.180529
0.180529 1.70704e-006 0.98357
5.00878e-007 -1 1.64362e-006
0.280931 0.917522
28.5105 -225.279 -58.3306
0.98357 1.95928e-007 -0.180529
0.180529 1.70704e-006 0.98357
5.00878e-007 -1 1.64362e-006
0.280931 0.95065
26.4174 -219.412 -69.7342
0.98357 1.95928e-007 -0.180529
0.180529 1.70704e-006 0.98357
5.00878e-007 -1 1.64362e-006
0.238103 0.944394
28.5105 -194.212 -58.3306
0.173076 0.862509 -0.475524
0.939694 -8.02199e-007 0.342017
0.294993 -0.506041 -0.810494
0.607075 0.917522
26.4174 -200.079 -69.7342
0.173076 0.862509 -0.475524
0.939694 -8.02199e-007 0.342017
0.294993 -0.506041 -0.810494
0.599214 0.923779
24.3899 -200.079 -70.4721
0.173076 0.862509 -0.475524
0.939694 -8.02199e-007 0.342017
0.294993 -0.506041 -0.810494
0.5916 0.923779
15.4564 -225.279 -63.0819
-0.637417 -1.69451e-007 -0.770519
0.770519 -6.2074e-007 -0.637417
-3.70281e-007 -1 5.26235e-007
0.558049 0.95065
15.4564 -194.212 -63.0819
-0.637417 -1.69451e-007 -0.770519
0.770519 -6.2074e-007 -0.637417
-3.70281e-007 -1 5.26235e-007
0.558049 0.917522
24.3899 -200.079 -70.4721
-0.637417 -1.69451e-007 -0.770519
0.770519 -6.2074e-007 -0.637417
-3.70281e-007 -1 5.26235e-007
0.5916 0.923779
36.0297 -225.279 -53.9894
0.325277 -0.862509 -0.38765
0.766044 -7.71143e-008 0.642788
-0.554411 -0.506041 0.66072
0.635315 0.95065
46.952 -219.412 -57.8785
0.325277 -0.862509 -0.38765
0.766044 -7.71143e-008 0.642788
-0.554411 -0.506041 0.66072
0.676335 0.944394
48.6049 -219.412 -56.4916
0.325277 -0.862509 -0.38765
0.766044 -7.71143e-008 0.642788
-0.554411 -0.506041 0.66072
0.682543 0.944394
46.6715 -194.212 -45.0599
0.985998 0 0.166758
-0.166758 1.70703e-006 0.985998
-2.84662e-007 -1 1.68313e-006
0.330771 0.917522
46.6715 -225.279 -45.0599
0.985998 0 0.166758
-0.166758 1.70703e-006 0.985998
-2.84662e-007 -1 1.68313e-006
0.330771 0.95065
48.6049 -219.412 -56.4916
0.985998 0 0.166758
-0.166758 1.70703e-006 0.985998
-2.84662e-007 -1 1.68313e-006
0.287838 0.944394
36.0297 -194.212 -53.9894
0.325277 0.862509 -0.387651
0.766045 -3.85572e-008 0.642787
0.55441 -0.506042 -0.660721
0.635315 0.917522
46.6715 -194.212 -45.0599
0.325277 0.862509 -0.387651
0.766045 -3.85572e-008 0.642787
0.55441 -0.506042 -0.660721
0.675281 0.917522
48.6049 -200.079 -56.4916
0.325277 0.862509 -0.387651
0.766045 -3.85572e-008 0.642787
0.55441 -0.506042 -0.660721
0.682543 0.923779
36.0297 -194.212 -53.9894
-0.335444 0 -0.94206
0.94206 -6.23438e-008 -0.335444
-5.87316e-008 -1 2.09128e-008
0.635315 0.917522
46.952 -200.079 -57.8785
-0.335444 0 -0.94206
0.94206 -6.23438e-008 -0.335444
-5.87316e-008 -1 2.09128e-008
0.676335 0.923779
46.952 -219.412 -57.8785
-0.335444 0 -0.94206
0.94206 -6.23438e-008 -0.335444
-5.87316e-008 -1 2.09128e-008
0.676335 0.944394
59.1983 -225.279 -26.3781
0.438245 -0.862509 -0.253021
0.5 3.85572e-008 0.866025
-0.746955 -0.506042 0.431255
0.400933 0.95065
52.2524 -225.279 -38.4088
0.438245 -0.862509 -0.253021
0.5 3.85572e-008 0.866025
-0.746955 -0.506042 0.431255
0.35575 0.95065
63.8462 -219.412 -38.3277
0.438245 -0.862509 -0.253021
0.5 3.85572e-008 0.866025
-0.746955 -0.506042 0.431255
0.356055 0.944394
59.1983 -225.279 -26.3781
0.8695 0 0.493934
-0.493934 2.24438e-006 0.8695
-1.10857e-006 -1 1.95148e-006
0.400933 0.95065
64.925 -219.412 -36.4591
0.8695 0 0.493934
-0.493934 2.24438e-006 0.8695
-1.10857e-006 -1 1.95148e-006
0.363072 0.944394
64.925 -200.079 -36.4591
0.8695 0 0.493934
-0.493934 2.24438e-006 0.8695
-1.10857e-006 -1 1.95148e-006
0.363072 0.923779
59.1983 -194.212 -26.3781
0.438245 0.862509 -0.253022
0.500001 7.71143e-008 0.866025
0.746954 -0.506042 -0.431256
0.400933 0.917522
64.925 -200.079 -36.4591
0.438245 0.862509 -0.253022
0.500001 7.71143e-008 0.866025
0.746954 -0.506042 -0.431256
0.363072 0.923779
63.8462 -200.079 -38.3277
0.438245 0.862509 -0.253022
0.500001 7.71143e-008 0.866025
0.746954 -0.506042 -0.431256
0.356055 0.923779
52.2524 -194.212 -38.4088
0.00699005 0 -0.999976
0.999976 -1.87031e-007 0.00699005
-1.87027e-007 -1 -1.30736e-009
0.696241 0.917522
63.8462 -200.079 -38.3277
0.00699005 0 -0.999976
0.999976 -1.87031e-007 0.00699005
-1.87027e-007 -1 -1.30736e-009
0.739784 0.923779
63.8462 -219.412 -38.3277
0.00699006 0 -0.999976
0.999976 -1.87031e-007 0.00699005
-1.87027e-007 -1 -1.30736e-009
0.739784 0.944394
64.5802 -225.279 -4.53845
0.498354 -0.862509 -0.0878735
0.173649 6.42619e-009 0.984808
-0.849405 -0.506042 0.149774
0.482955 0.95065
62.1679 -225.279 -18.2193
0.498354 -0.862509 -0.0878735
0.173649 6.42619e-009 0.984808
-0.849405 -0.506042 0.149774
0.431575 0.95065
73.0348 -219.412 -14.1778
0.498354 -0.862509 -0.0878735
0.173649 6.42619e-009 0.984808
-0.849405 -0.506042 0.149774
0.446753 0.944394
64.5802 -225.279 -4.53845
0.648127 -3.75657e-008 0.761532
-0.761532 2.24438e-006 0.648127
-1.73351e-006 -1 1.42603e-006
0.25746 0.95065
73.4095 -219.412 -12.0529
0.648127 -3.75657e-008 0.761532
-0.761532 2.24438e-006 0.648127
-1.73351e-006 -1 1.42603e-006
0.2243 0.944394
73.4095 -200.079 -12.0529
0.648127 -3.75657e-008 0.761532
-0.761532 2.24438e-006 0.648127
-1.73351e-006 -1 1.42603e-006
0.2243 0.923779
64.5802 -194.212 -4.53845
0.498353 0.862509 -0.0878746
0.173651 -4.49834e-008 0.984807
0.849405 -0.506041 -0.149776
0.482955 0.917522
73.4095 -200.079 -12.0529
0.498353 0.862509 -0.0878746
0.173651 -4.49834e-008 0.984807
0.849405 -0.506041 -0.149776
0.454734 0.923779
73.0348 -200.079 -14.1778
0.498353 0.862509 -0.0878746
0.173651 -4.49834e-008 0.984807
0.849405 -0.506041 -0.149776
0.446753 0.923779
62.1679 -194.212 -18.2193
0.34858 9.24703e-008 -0.937279
0.937279 -1.87031e-007 0.34858
-1.43067e-007 -1 -1.51866e-007
0.73348 0.917522
73.0348 -200.079 -14.1778
0.34858 9.24703e-008 -0.937279
0.937279 -1.87031e-007 0.34858
-1.43067e-007 -1 -1.51866e-007
0.774293 0.923779
73.0348 -219.412 -14.1778
0.34858 9.24703e-008 -0.937279
0.937279 -1.87031e-007 0.34858
-1.43067e-007 -1 -1.51866e-007
0.774293 0.944394
-30.9279 64.1855 25.7208
-0.637512 0.173575 0.750633
-0.499994 1.03355e-008 -0.866029
-0.15017 -0.984851 0.0866992
0.403402 0.641984
-30.6818 65.9827 25.5143
-0.75409 0.175993 0.632752
-0.499994 1.03355e-008 -0.866029
-0.15017 -0.984851 0.0866992
0.404178 0.640067
-30.7319 65.9827 25.4274
-0.85291 0.1734 0.49242
-0.499994 1.03355e-008 -0.866029
-0.15017 -0.984851 0.0866992
0.404504 0.640067
-30.6818 -54.8545 25.5143
-0.388548 -0.86182 0.326032
-0.500002 3.83732e-008 -0.866024
0.74339 -0.512991 -0.429199
0.404178 0.76892
-30.9279 -54.6654 25.7208
-0.339242 -0.859392 0.382571
-0.500002 3.83732e-008 -0.866024
0.74339 -0.512991 -0.429199
0.403402 0.768719
-30.7319 -54.8545 25.4274
-0.444263 -0.858394 0.256497
-0.500002 3.83732e-008 -0.866024
0.74339 -0.512991 -0.429199
0.404504 0.76892
-46.8532 -9.62564 -24.5235
-0.852906 0.173401 -0.492425
0.5 5.16776e-009 -0.866026
-0.15017 -0.984851 -0.0867006
0.592101 0.720691
-35.7607 65.9827 -17.1117
-0.852906 0.173401 -0.492425
0.5 5.16776e-009 -0.866026
-0.15017 -0.984851 -0.0867006
0.564265 0.640067
-30.6818 65.9827 -25.9087
-0.754088 0.175994 -0.632754
0.5 5.16776e-009 -0.866026
-0.15017 -0.984851 -0.0867006
0.597304 0.640067
-48.4601 -18.4373 -24.8431
-0.866025 0 -0.5
0.5 0 -0.866026
-0 -1 -0
0.593302 0.730087
-42.2437 -18.4373 -35.6103
-0.766044 0 -0.642788
0.5 0 -0.866026
-0 -1 -0
0.63374 0.730087
-42.2437 -45.9717 -35.6103
-0.766044 0 -0.642788
0.5 0 -0.866026
-0 -1 -0
0.63374 0.759448
-46.8532 -46.8989 -24.5235
-0.444266 -0.858392 -0.256497
0.500001 -5.50525e-008 -0.866025
0.74339 -0.512993 0.429197
0.592101 0.760437
-42.2437 -45.9717 -35.6103
-0.38855 -0.861819 -0.326032
