[RedMax3D.com._RedKid_PlugIn_V4.0.0.]
[Eport_mesh,_sceleton_and_sceleton_animation_of_3Ds_Max,_in_text_format_for_DirectX_dimension.]
[Start_Mesh_block]
GeoSphere001
Normal:TRUE.
TangBinor:TRUE.
UVW:TRUE.
SceletData:FALSE.
Vertex_count:
64
0 30 0
-5.25619e-009 1 0
-0.587785 -1.40596e-008 0.809017
0.763326 -0.331309 0.554588
0.6 0
4.8738 25.5195 15
0.16246 0.850651 0.5
-0.951057 -3.73044e-008 0.309017
0.262866 -0.525731 0.809017
0.7 0.176208
15.7719 25.5195 0
0.525731 0.850651 4.24469e-008
-3.33819e-008 -2.90421e-008 1
0.850651 -0.525731 1.3128e-008
0.5 0.176208
20.6457 15.7719 15
0.688191 0.525731 0.5
-0.587785 4.8195e-010 0.809017
0.425325 -0.850651 0.309017
0.6 0.323792
26.8328 13.4164 0
0.894427 0.447214 6.30743e-008
-3.71093e-008 -1.09417e-007 1
0.447214 -0.894427 -8.12696e-008
0.5 0.352416
8.2918 13.4164 25.5195
0.276393 0.447214 0.850651
-0.951057 1.44904e-008 0.309017
0.138197 -0.894427 0.425325
0.7 0.352416
0 30 0
-5.25619e-009 1 0
-0.951056 2.81192e-008 -0.309017
-0.291564 -0.331309 0.897343
0.8 0
-12.7598 25.5195 9.27051
-0.425325 0.850651 0.309017
-0.904552 -0.0252438 -0.425616
-0.337247 -0.568401 0.750456
0.9 0.176208
-7.88597 15.7719 24.2705
-0.262866 0.525731 0.809017
-0.951056 -1.47041e-008 -0.309017
-0.16246 -0.850651 0.5
0.8 0.323792
-21.7082 13.4164 15.7719
-0.723607 0.447214 0.525731
-0.734489 -0.00812414 -0.678572
-0.257784 -0.921635 0.290061
0.9 0.352416
0 30 0
-5.25619e-009 1 0
7.62576e-008 -9.34536e-009 -1
-0.943522 -0.331309 -6.88545e-008
3.72529e-008 0
-12.7598 25.5195 -9.27051
-0.425325 0.850651 -0.309017
0.587785 -3.61332e-010 -0.809017
-0.688191 -0.525731 -0.5
0.1 0.176208
-12.7598 25.5195 9.27051
-0.425325 0.850651 0.309017
7.62576e-008 -9.34536e-009 -1
-0.943522 -0.331309 -6.88545e-008
-0.1 0.176208
-12.7598 25.5195 9.27051
-0.425325 0.850651 0.309017
-0.336761 0.0249071 -0.941261
-0.629502 -0.74936 0.205392
-0.1 0.176208
-25.5195 15.7719 -3.19872e-006
-0.850651 0.525731 -9.55054e-008
1.03219e-007 6.26593e-009 -1
-0.525731 -0.850651 -5.95955e-008
3.79455e-008 0.323792
-21.7082 13.4164 15.7719
-0.723607 0.447214 0.525731
-0.336761 0.0249071 -0.941261
-0.629502 -0.74936 0.205392
-0.1 0.352416
-12.7598 25.5195 9.27051
-0.425325 0.850651 0.309017
9.6075e-008 8.89715e-009 -1
-0.794654 -0.607062 -8.17476e-008
-0.1 0.176208
-21.7082 13.4164 -15.7719
-0.723607 0.447214 -0.525731
0.587785 3.95965e-008 -0.809017
-0.361803 -0.894427 -0.262866
0.1 0.352416
0 30 0
-5.25619e-009 1 0
0.951057 -2.10894e-008 -0.309017
-0.291564 -0.331309 -0.897343
0.2 0
4.8738 25.5195 -15
0.16246 0.850651 -0.5
0.951056 4.95024e-008 0.309017
0.262866 -0.525731 -0.809017
0.3 0.176208
-7.88596 15.7719 -24.2705
-0.262865 0.525731 -0.809017
0.951057 -3.99733e-008 -0.309017
-0.16246 -0.850651 -0.5
0.2 0.323792
8.2918 13.4164 -25.5195
0.276393 0.447214 -0.850651
0.951056 1.09073e-007 0.309017
0.138197 -0.894427 -0.425325
0.3 0.352416
0 30 0
-5.25619e-009 1 0
0.587785 1.40596e-008 0.809017
0.763326 -0.331309 -0.554588
0.4 0
20.6457 15.7719 -15
0.688191 0.525731 -0.5
0.587785 3.08541e-008 0.809017
0.425326 -0.850651 -0.309017
0.4 0.323792
28.5317 0 9.27051
0.951056 1.59176e-008 0.309017
-0.309014 -0.00477752 0.951046
0.00147634 -0.999989 -0.0045437
0.55 0.5
28.5317 0 -9.2705
0.951057 -2.38764e-008 -0.309017
0.309013 0.00477748 0.951046
0.00147629 -0.999989 0.00454366
0.45 0.5
25.5195 -15.7719 5.3312e-006
0.850651 -0.525731 2.06928e-007
-2.01687e-007 5.20163e-009 1
-0.525731 -0.850651 -1.01608e-007
0.5 0.676208
21.7082 -13.4164 -15.7719
0.723607 -0.447214 -0.525731
0.587785 -8.33065e-008 0.809017
-0.361804 -0.894427 0.262865
0.4 0.647584
21.7082 -13.4164 15.7719
0.723607 -0.447214 0.525731
-0.587785 8.98191e-008 0.809017
-0.361803 -0.894427 -0.262865
0.6 0.647584
-5.3312e-007 0 30
5.30586e-009 0 1
-0.999989 -0.00477759 1.65055e-008
0.00477759 -0.999989 -7.88574e-011
0.75 0.5
17.6336 0 24.2705
0.587785 -2.65293e-008 0.809017
-0.809008 0.00477759 0.587779
-0.00386517 -0.999989 0.00280817
0.65 0.5
7.88597 -15.7719 24.2705
0.262866 -0.525731 0.809017
-0.951057 3.213e-010 0.309017
-0.16246 -0.850651 -0.5
0.7 0.676208
-8.2918 -13.4164 25.5195
-0.276393 -0.447214 0.850651
-0.951057 -1.25531e-008 -0.309017
0.138197 -0.894427 -0.425325
0.8 0.647584
-28.5317 0 9.27051
-0.951057 -4.24469e-008 0.309017
-0.587785 0 -0.809017
0.0253804 -0.999508 -0.0184399
0.95 0.5
-17.6336 0 24.2705
-0.587785 5.30586e-009 0.809017
-0.809008 0.00477759 -0.587779
-0.00386515 -0.999989 -0.00280819
0.85 0.5
-20.6457 -15.7719 15
-0.688191 -0.525731 0.5
-0.739673 -5.28113e-005 -0.672966
0.274375 -0.913135 -0.301501
0.9 0.676208
-28.5317 0 9.27051
-0.951057 -4.24469e-008 0.309017
-0.32923 -0.0138636 -0.944148
0.3163 -0.943745 -0.0964379
-0.05 0.5
-26.8328 -13.4164 -2.3458e-006
-0.894427 -0.447214 -3.41652e-008
3.75863e-008 2.51932e-009 -1
0.447214 -0.894427 1.45557e-008
3.79455e-008 0.647584
-20.6457 -15.7719 15
-0.688191 -0.525731 0.5
-0.32923 -0.0138636 -0.944148
0.3163 -0.943745 -0.0964379
-0.1 0.676208
-17.6336 0 -24.2705
-0.587785 2.65293e-008 -0.809017
0.809008 -0.00477759 -0.587779
-0.00386516 -0.999989 0.00280818
0.15 0.5
-28.5317 0 -9.27051
-0.951057 0 -0.309017
0.309013 0.00477759 -0.951046
0.00147636 -0.999989 -0.00454376
0.05 0.5
-20.6457 -15.7719 -15
-0.688191 -0.525731 -0.5
0.587785 -6.426e-010 -0.809017
0.425325 -0.850651 0.309017
0.1 0.676208
-8.2918 -13.4164 -25.5195
-0.276393 -0.447214 -0.850651
0.951057 -3.23937e-008 -0.309017
0.138197 -0.894427 0.425325
0.2 0.647584
17.6336 0 -24.2705
0.587785 -5.30586e-008 -0.809017
0.809008 -0.00477752 0.587779
-0.00386513 -0.999989 -0.00280811
0.35 0.5
5.3312e-007 0 -30
5.30586e-008 7.95878e-009 -1
0.999989 0.00477757 7.39951e-008
0.00477757 -0.999989 -1.02102e-008
0.25 0.5
7.88597 -15.7719 -24.2705
0.262866 -0.525731 -0.809017
0.951056 -6.426e-010 0.309017
-0.16246 -0.850651 0.5
0.3 0.676208
-28.5317 0 9.27051
-0.951057 -4.24469e-008 0.309017
1.02967e-007 -7.5286e-010 -1
0.125624 -0.992078 1.3682e-008
-0.05 0.5
-28.5317 0 9.27051
-0.951057 -4.24469e-008 0.309017
1.04307e-007 -2.74097e-010 -1
-0.187592 -0.982247 -1.9298e-008
-0.05 0.5
-28.5317 0 9.27051
-0.951057 -4.24469e-008 0.309017
-0.288604 -0.0138638 -0.957348
-0.312577 -0.943745 0.107897
-0.05 0.5
-21.7082 13.4164 15.7719
-0.723607 0.447214 0.525731
-0.288604 -0.0138638 -0.957348
-0.312577 -0.943745 0.107897
-0.1 0.352416
0 -30 0
0 -1 -6.57576e-009
-0.951056 1.40596e-008 0.309017
-0.291564 -0.331309 -0.897343
0.7 1
12.7598 -25.5195 9.27051
0.425325 -0.850651 0.309017
-0.587785 1.40047e-008 0.809017
-0.688191 -0.525731 -0.5
0.6 0.823792
-4.8738 -25.5195 15
-0.16246 -0.850651 0.5
-0.999132 0.0363932 -0.020247
-0.00540395 -0.59535 -0.803449
0.8 0.823792
0 -30 0
0 -1 -6.57576e-009
-0.587785 1.40596e-008 -0.809017
0.763326 -0.331309 -0.554588
-0.1 1
-4.8738 -25.5195 15
-0.16246 -0.850651 0.5
-0.587785 1.40596e-008 -0.809017
0.763326 -0.331309 -0.554588
-0.2 0.823792
-15.7719 -25.5195 -1.37883e-006
-0.525731 -0.850651 7.95878e-009
1.76609e-009 -2.59281e-008 -1
0.850651 -0.525731 1.51335e-008
3.79455e-008 0.823792
-20.6457 -15.7719 15
-0.688191 -0.525731 0.5
-0.280813 0.0249072 -0.959439
0.630004 -0.74936 -0.203846
-0.1 0.676208
-4.8738 -25.5195 15
-0.16246 -0.850651 0.5
-0.587785 0 -0.809017
0.642889 -0.607062 -0.467086
-0.2 0.823792
-20.6457 -15.7719 15
-0.688191 -0.525731 0.5
-0.587785 0 -0.809017
0.642889 -0.607062 -0.467086
-0.1 0.676208
0 -30 0
0 -1 -6.57576e-009
0.587785 -1.40596e-008 -0.809017
0.763326 -0.331309 0.554588
0.1 1
-4.8738 -25.5195 -15
-0.16246 -0.850651 -0.5
0.951057 -3.61622e-008 -0.309017
0.262866 -0.525731 0.809017
0.2 0.823792
0 -30 0
0 -1 -6.57576e-009
0.951056 0 0.309017
-0.291565 -0.331309 0.897343
0.3 1
12.7598 -25.5195 -9.2705
0.425326 -0.850651 -0.309017
0.587785 3.55559e-008 0.809017
-0.688191 -0.525731 0.5
0.4 0.823792
0 -30 0
0 -1 -6.57576e-009
-2.17481e-007 -4.12146e-009 1
-0.943522 -0.331309 -2.06564e-007
0.5 1
[Start_Index_Block]
Index_count:
240
0 1 2 
2 3 4 
2 1 3 
1 5 3 
6 7 1 
1 8 5 
1 7 8 
7 9 8 
10 11 12 
13 14 15 
16 11 14 
11 17 14 
18 19 11 
11 20 17 
11 19 20 
19 21 20 
22 2 19 
19 23 21 
19 2 23 
2 4 23 
4 24 25 
25 26 27 
25 24 26 
24 28 26 
5 29 30 
30 31 28 
30 29 31 
29 32 31 
9 33 34 
34 35 32 
34 33 35 
36 37 38 
17 39 40 
40 41 37 
40 39 41 
39 42 41 
21 43 44 
44 45 42 
44 43 45 
43 27 45 
28 24 30 
30 3 5 
30 24 3 
24 4 3 
32 29 34 
34 8 9 
34 29 8 
29 5 8 
37 46 40 
40 14 17 
40 47 14 
48 49 14 
42 39 44 
44 20 21 
44 39 20 
39 17 20 
27 43 25 
25 23 4 
25 43 23 
43 21 23 
50 51 52 
52 31 32 
52 51 31 
51 28 31 
53 54 55 
55 56 37 
55 57 58 
52 32 35 
59 55 60 
60 41 42 
60 55 41 
55 37 41 
61 60 62 
62 45 27 
62 60 45 
60 42 45 
63 62 51 
51 26 28 
51 62 26 
62 27 26 
[End_Index_Block]
[End_Mesh_block]
