[RedMax3D.com._RedKid_PlugIn_V4.0.0.]
[Eport_mesh,_sceleton_and_sceleton_animation_of_3Ds_Max,_in_text_format_for_DirectX_dimension.]
[Start_Mesh_block]
Teapot001
Normal:TRUE.
TangBinor:TRUE.
UVW:TRUE.
SceletData:FALSE.
Vertex_count:
7200
29.5773 20.625 0
-0.921858 -0.387529 8.23541e-007
0.0559762 1.85241e-006 0.998432
-0.386406 0.922074 0.0216618
2 -1
29.073 21.2779 -4.09923
-0.936274 -0.334981 0.105735
0.112566 0.000119068 0.993644
-0.332217 0.942456 0.0375225
1.92857 -0.992857
29.3456 20.625 -4.13163
-0.915976 -0.387647 0.103528
0.130927 -2.18034e-006 0.991392
-0.384288 0.921817 0.0507527
1.92857 -1
29.3028 21.2779 0
-0.942265 -0.334869 5.6269e-007
0.0559764 1.8635e-006 0.998432
-0.315252 0.948844 0.0176726
2 -0.992857
28.913 21.8304 -4.08022
-0.972502 -0.205376 0.109823
0.11252 6.07884e-005 0.993649
-0.203519 0.978801 0.0229865
1.92857 -0.985714
29.1418 21.8304 0
-0.978698 -0.205307 1.24733e-007
0.0559762 1.55829e-006 0.998432
-0.178833 0.983828 0.0100246
2 -0.985714
28.8549 22.2824 -4.07331
-0.99353 -0.0176304 0.11219
0.112267 6.28648e-007 0.993678
-0.0174399 0.999846 0.00196975
1.92857 -0.978571
29.0832 22.2824 0
-0.999845 -0.0176256 2.60679e-007
0.0559755 6.22995e-007 0.998432
0.019596 0.999807 -0.00109924
2 -0.978571
28.8877 22.6339 -4.07721
-0.960041 0.258012 0.1084
0.111455 0.00020654 0.993769
0.254947 0.966526 -0.0287941
1.92857 -0.971428
29.1163 22.6339 0
-0.966166 0.257921 5.15981e-007
0.0559759 0 0.998432
0.308933 0.950926 -0.01732
2 -0.971428
29.0006 22.885 -4.09063
-0.785523 0.612443 0.0887032
0.110123 0.00162513 0.993917
0.604695 0.793523 -0.0682961
1.92857 -0.964285
29.2299 22.885 0
-0.790629 0.612295 7.296e-007
0.0559763 3.72979e-008 0.998432
0.666425 0.744635 -0.0373626
2 -0.964285
29.1827 23.0357 -4.11227
-0.421692 0.905486 0.0476546
0.110433 0.00378006 0.993876
0.896475 0.431371 -0.101251
1.92857 -0.957143
29.4133 23.0357 0
-0.424536 0.905411 5.09995e-007
0.0559772 -4.5244e-008 0.998432
0.932773 0.35665 -0.052296
2 -0.957143
29.4232 23.0859 -4.14086
-0.00973432 0.999952 0.00113935
0.112171 0.00358216 0.993682
0.993546 0.0165336 -0.112215
1.92857 -0.95
29.6554 23.0859 0
-0.00986107 0.999951 -8.50919e-008
0.0559769 3.62817e-008 0.998432
0.997335 -0.0468723 -0.0559153
2 -0.95
29.7113 23.0357 -4.17508
0.299413 0.953525 -0.0337893
0.112924 0.00224339 0.993601
0.948831 -0.297046 -0.107165
1.92857 -0.942857
29.9453 23.0357 0
0.301377 0.953505 -6.408e-008
0.0559768 -4.90661e-008 0.998432
0.939317 -0.338983 -0.0526626
2 -0.942857
30.036 22.885 -4.21367
0.500619 0.86382 -0.056525
0.112986 0.0013124 0.993596
0.859814 -0.501288 -0.0971112
1.92857 -0.935714
30.2722 22.885 0
0.503914 0.863754 -9.54756e-008
0.0559755 0 0.998432
0.847443 -0.528756 -0.0475106
2 -0.935714
30.3864 22.6339 -4.25531
0.634421 0.769661 -0.0716438
0.112889 0.000801905 0.993607
0.766066 -0.636912 -0.0865227
1.92857 -0.928571
30.625 22.6339 0
0.638569 0.769564 -5.17749e-007
0.0559757 2.95336e-007 0.998432
0.753578 -0.655999 -0.0422481
2 -0.928571
30.7518 22.2824 -4.29874
0.729096 0.67944 -0.0823414
0.112784 0.000516335 0.993619
0.676215 -0.732735 -0.0763749
1.92857 -0.921428
30.9929 22.2824 0
0.73384 0.679322 -6.94224e-007
0.0559761 5.93149e-007 0.998432
0.664015 -0.746792 -0.0372269
2 -0.921428
31.1213 21.8304 -4.34265
0.799796 0.593436 -0.0903295
0.112693 0.000343164 0.99363
0.590579 -0.804219 -0.0667033
1.92857 -0.914285
31.3648 21.8304 0
0.804975 0.593308 -4.11881e-007
0.0559761 2.85159e-007 0.998432
0.578573 -0.814986 -0.0324369
2 -0.914285
31.484 21.2779 -4.38575
0.854456 0.510481 -0.096506
0.112618 0.000230618 0.993638
0.508001 -0.859444 -0.0573766
1.92857 -0.907142
31.7299 21.2779 0
0.859963 0.510357 -4.61816e-007
0.0559762 1.14514e-006 0.998432
0.496042 -0.867853 -0.0278092
2 -0.907142
31.8291 20.625 -4.42675
0.887654 0.449465 -0.100255
0.0934898 -1.52741e-006 0.99562
0.467643 -0.882826 -0.0439136
1.92857 -0.899999
32.0773 20.625 0
0.89336 0.449341 -4.99143e-007
0.0559759 1.72252e-006 0.998432
0.468366 -0.883144 -0.0262569
2 -0.899999
28.3997 21.2779 -8.04661
-0.918306 -0.335213 0.210586
0.223863 0.000118663 0.974621
-0.326095 0.942374 0.0747867
1.85714 -0.992857
28.6671 20.625 -8.1102
-0.898352 -0.387911 0.20613
0.241868 -1.53158e-006 0.970309
-0.376383 0.921701 0.0938219
1.85714 -1
28.2429 21.8304 -8.00929
-0.953892 -0.205529 0.218741
0.223819 5.99611e-005 0.974631
-0.199774 0.97877 0.0458169
1.85714 -0.985714
28.1859 22.2824 -7.99573
-0.974552 -0.0176483 0.223468
0.22357 1.68726e-007 0.974688
-0.0171184 0.999846 0.00392637
1.85714 -0.978571
28.218 22.6339 -8.00338
-0.941657 0.258194 0.215912
0.222771 0.000208003 0.974871
0.250256 0.966477 -0.0573931
1.85714 -0.971428
28.3287 22.885 -8.02972
-0.770313 0.612713 0.176636
0.221463 0.00163077 0.975168
0.593408 0.793314 -0.136091
1.85714 -0.964285
28.5073 23.0357 -8.0722
-0.413386 0.905603 0.0948419
0.221769 0.0037858 0.975092
0.879455 0.431137 -0.201692
1.85714 -0.957143
28.7432 23.0859 -8.12831
-0.00951596 0.999952 0.00223854
0.223475 0.00358291 0.974703
0.974563 0.0165224 -0.223504
1.85714 -0.95
29.0256 23.0357 -8.19549
0.293504 0.953588 -0.0672722
0.224213 0.00224249 0.974537
0.930764 -0.296839 -0.213459
1.85714 -0.942857
29.3439 22.885 -8.27123
0.490776 0.863989 -0.112529
0.224274 0.00131166 0.974525
0.843552 -0.500993 -0.193458
1.85714 -0.935714
29.6876 22.6339 -8.35299
0.622014 0.769904 -0.142637
0.224179 0.00080113 0.974548
0.751667 -0.636616 -0.172385
1.85714 -0.928571
30.0458 22.2824 -8.43823
0.714906 0.679729 -0.163947
0.224075 0.000515963 0.974572
0.663574 -0.732469 -0.152182
1.85714 -0.921428
30.4081 21.8304 -8.52441
0.784295 0.593742 -0.179865
0.223987 0.000343987 0.974592
0.579593 -0.803992 -0.132922
1.85714 -0.914285
30.7637 21.2779 -8.60902
0.83796 0.510776 -0.192176
0.223913 0.000230722 0.974609
0.498583 -0.859268 -0.114344
1.85714 -0.907142
31.102 20.625 -8.68951
0.870557 0.449745 -0.19965
0.205114 -3.56867e-006 0.978738
0.459977 -0.882682 -0.0964007
1.85714 -0.899999
27.3073 21.2779 -11.8178
-0.888657 -0.335484 0.312634
0.3322 0.000119576 0.943209
-0.315854 0.942278 0.111125
1.78571 -0.992857
27.566 20.625 -11.9112
-0.869304 -0.388205 0.305952
0.349556 -1.57194e-006 0.936915
-0.363708 0.921576 0.135698
1.78571 -1
27.1556 21.8304 -11.763
-0.923154 -0.205706 0.324764
0.332158 6.122e-005 0.943224
-0.193511 0.978733 0.0680818
1.78571 -0.985714
27.1004 22.2824 -11.7431
-0.943184 -0.0176657 0.3318
0.331917 4.76242e-007 0.943308
-0.016581 0.999846 0.00583378
1.78571 -0.978571
27.1315 22.6339 -11.7543
-0.911299 0.258396 0.32057
0.331145 0.000207699 0.94358
0.242393 0.966423 -0.0852793
1.78571 -0.971428
27.2386 22.885 -11.793
-0.745287 0.613031 0.262184
0.329882 0.00162762 0.944021
0.574608 0.793068 -0.202161
1.78571 -0.964285
27.4115 23.0357 -11.8554
-0.399825 0.905727 0.140707
0.33018 0.00377394 0.943911
0.851274 0.430851 -0.299498
1.78571 -0.957143
27.6397 23.0859 -11.9378
-0.00922574 0.999952 0.00330329
0.331825 0.00357012 0.943334
0.943192 0.0165127 -0.331837
1.78571 -0.95
27.913 23.0357 -12.0365
0.283815 0.95367 -0.0998127
0.332537 0.00223508 0.943088
0.900874 -0.296597 -0.316949
1.78571 -0.942857
28.221 22.885 -12.1477
0.474653 0.864191 -0.16697
0.332596 0.00130788 0.943068
0.816583 -0.500655 -0.287294
1.78571 -0.935714
28.5536 22.6339 -12.2678
0.601666 0.770192 -0.211666
0.332504 0.000799565 0.943101
0.727739 -0.636272 -0.256036
1.78571 -0.928571
28.9003 22.2824 -12.393
0.691605 0.68006 -0.243315
0.332405 0.000514703 0.943137
0.642524 -0.732162 -0.226055
1.78571 -0.921428
29.2509 21.8304 -12.5196
0.758806 0.594091 -0.266963
0.332321 0.000343112 0.943166
0.561264 -0.803735 -0.197466
1.78571 -0.914285
29.595 21.2779 -12.6438
0.810789 0.511126 -0.285257
0.332249 0.000231396 0.943192
0.482861 -0.859061 -0.169882
1.78571 -0.907142
29.9224 20.625 -12.762
0.842376 0.450076 -0.296367
0.314086 -1.54273e-006 0.949395
0.446507 -0.882503 -0.147718
1.78571 -0.899999
25.8201 21.2779 -15.3886
-0.847884 -0.335728 0.41034
0.435939 0.000119441 0.899976
-0.301612 0.94219 0.145973
1.71429 -0.992857
26.0671 20.625 -15.5102
-0.829385 -0.388482 0.401499
0.452405 -6.94165e-007 0.891813
-0.34644 0.921462 0.175745
1.71429 -1
25.6752 21.8304 -15.3172
-0.880849 -0.20587 0.426289
0.435899 6.08169e-005 0.899996
-0.184801 0.978698 0.0894391
1.71429 -0.985714
25.6226 22.2824 -15.2913
-0.899994 -0.0176745 0.435544
0.43567 8.11378e-007 0.900106
-0.0158339 0.999845 0.00766303
1.71429 -0.978571
25.6523 22.6339 -15.3059
-0.869523 0.258589 0.420786
0.434935 0.000207519 0.900462
0.231463 0.966372 -0.112023
1.71429 -0.971428
25.7545 22.885 -15.3563
-0.710976 0.613292 0.344072
0.433736 0.00162211 0.901039
0.54855 0.79285 -0.265484
1.71429 -0.964285
25.9195 23.0357 -15.4375
-0.381311 0.905832 0.184579
0.434021 0.00375509 0.900895
0.812404 0.430589 -0.393183
1.71429 -0.957143
26.1374 23.0859 -15.5448
-0.00880752 0.999952 0.0043142
0.435581 0.00355038 0.900142
0.9 0.0164905 -0.435577
1.71429 -0.95
26.3982 23.0357 -15.6733
0.270611 0.953743 -0.130933
0.436257 0.00222458 0.899819
0.859679 -0.296385 -0.416063
1.71429 -0.942857
26.6923 22.885 -15.8182
0.452631 0.864376 -0.219041
0.436315 0.00130333 0.899793
0.779348 -0.500347 -0.377185
1.71429 -0.935714
27.0097 22.6339 -15.9745
0.573826 0.770457 -0.277705
0.436228 0.000797235 0.899836
0.694646 -0.635958 -0.336192
1.71429 -0.928571
27.3407 22.2824 -16.1375
0.659674 0.68037 -0.319259
0.436134 0.000514458 0.899882
0.613374 -0.73188 -0.296858
1.71429 -0.921428
27.6753 21.8304 -16.3024
0.723842 0.594414 -0.35032
0.436054 0.000343247 0.899921
0.535849 -0.803498 -0.259338
1.71429 -0.914285
28.0038 21.2779 -16.4642
0.773492 0.511441 -0.374352
0.435986 0.000230599 0.899953
0.461031 -0.858874 -0.223128
1.71429 -0.907142
28.3163 20.625 -16.6181
0.803663 0.450378 -0.388953
0.418712 -2.40741e-006 0.908119
0.427384 -0.882333 -0.197059
1.71429 -0.899999
23.9624 21.2779 -18.7346
-0.796683 -0.335917 0.502449
0.533738 0.000120946 0.84565
-0.283583 0.942122 0.178851
1.64286 -0.992857
24.1946 20.625 -18.8827
-0.779284 -0.388697 0.491559
0.549117 1.2674e-006 0.835745
-0.32483 0.921377 0.213424
1.64286 -1
23.8261 21.8304 -18.6477
-0.827696 -0.20599 0.522003
0.5337 6.28784e-005 0.845674
-0.173761 0.978672 0.109587
1.64286 -0.985714
23.7766 22.2824 -18.6161
-0.845707 -0.017688 0.533355
0.533485 1.98949e-006 0.845809
-0.0148958 0.999845 0.00939303
1.64286 -0.978571
23.8045 22.6339 -18.6339
-0.817043 0.258728 0.515268
0.532798 0.000207584 0.846242
0.217621 0.966335 -0.137253
1.64286 -0.971428
23.9007 22.885 -18.6953
-0.667949 0.613508 0.42125
0.531677 0.00161534 0.846946
0.515653 0.792677 -0.325217
1.64286 -0.964285
24.0558 23.0357 -18.7942
-0.35817 0.905912 0.225918
0.531944 0.00373629 0.846771
0.763483 0.430384 -0.481521
1.64286 -0.957143
24.2607 23.0859 -18.9248
-0.00831285 0.999951 0.00527958
0.533402 0.00353281 0.845854
0.845714 0.0164813 -0.533382
1.64286 -0.95
24.5061 23.0357 -19.0812
0.254121 0.953805 -0.160245
0.534034 0.0022156 0.84546
0.807868 -0.296218 -0.509513
1.64286 -0.942857
24.7827 22.885 -19.2576
0.425117 0.864521 -0.268101
0.534089 0.00130021 0.845428
0.732454 -0.500113 -0.46195
1.64286 -0.935714
25.0812 22.6339 -19.4479
0.539 0.770665 -0.339933
0.534009 0.000797492 0.845479
0.652916 -0.635715 -0.411785
1.64286 -0.928571
25.3925 22.2824 -19.6464
0.619698 0.680606 -0.390832
0.533921 0.000514984 0.845534
0.576574 -0.731663 -0.363637
1.64286 -0.921428
25.7072 21.8304 -19.847
0.680026 0.594663 -0.428884
0.533846 0.000344847 0.845582
0.503738 -0.803315 -0.3177
1.64286 -0.914285
26.0162 21.2779 -20.044
0.726711 0.511689 -0.45833
0.533781 0.000233375 0.845622
0.433431 -0.858728 -0.273357
1.64286 -0.907142
26.3101 20.625 -20.2314
0.755088 0.450611 -0.476226
0.517604 5.97655e-007 0.855621
0.402893 -0.882199 -0.243727
1.64286 -0.899999
21.7583 21.2779 -21.8315
-0.735802 -0.336034 0.587942
0.624508 0.000119286 0.781019
-0.262018 0.942078 0.209367
1.57143 -0.992857
21.9732 20.625 -22.0041
-0.719733 -0.38883 0.575148
0.638641 -1.10422e-006 0.769504
-0.299174 0.921327 0.248297
1.57143 -1
21.6323 21.8304 -21.7303
-0.764466 -0.206066 0.610843
0.624472 6.06427e-005 0.781047
-0.160551 0.978655 0.12829
1.57143 -0.985714
21.5865 22.2824 -21.6935
-0.781112 -0.0176964 0.62414
0.624274 9.75864e-007 0.781205
-0.0137664 0.999845 0.0109997
1.57143 -0.978571
21.6123 22.6339 -21.7143
-0.754618 0.25881 0.602966
0.623642 0.000206402 0.78171
0.201062 0.966314 -0.160661
1.57143 -0.971428
21.7013 22.885 -21.7857
-0.616858 0.61363 0.492895
0.62261 0.00160917 0.782531
0.476375 0.792573 -0.380651
1.57143 -0.964285
21.8448 23.0357 -21.901
-0.33074 0.905958 0.264294
0.622856 0.00371999 0.782328
0.705221 0.430252 -0.563513
1.57143 -0.957143
22.0343 23.0859 -22.0532
-0.00769719 0.999951 0.00617162
0.624197 0.00351842 0.781259
0.781122 0.016469 -0.624161
1.57143 -0.95
22.2613 23.0357 -22.2355
0.234615 0.953843 -0.187456
0.624779 0.00220882 0.780798
0.746192 -0.296114 -0.59625
1.57143 -0.942857
22.5171 22.885 -22.441
0.39253 0.864608 -0.313644
0.62483 0.00129702 0.78076
0.676577 -0.49997 -0.540624
1.57143 -0.935714
22.7933 22.6339 -22.6628
0.497717 0.770787 -0.397699
0.624757 0.000795044 0.780819
0.603143 -0.635568 -0.481946
1.57143 -0.928571
23.0812 22.2824 -22.894
0.57226 0.680755 -0.457265
0.624676 0.000513885 0.780884
0.532652 -0.731527 -0.425619
1.57143 -0.921428
23.3724 21.8303 -23.1279
0.627997 0.594822 -0.501804
0.624607 0.000343163 0.780939
0.465384 -0.803201 -0.371868
1.57143 -0.914285
23.6581 21.2779 -23.3574
0.671137 0.511843 -0.536276
0.624548 0.000230991 0.780986
0.400446 -0.858636 -0.319979
1.57143 -0.907142
23.93 20.625 -23.5758
0.697361 0.450757 -0.55723
0.609633 3.04487e-007 0.792684
0.373386 -0.882112 -0.287161
1.57143 -0.899999
19.2324 21.2779 -24.6551
-0.665979 -0.336075 0.665977
0.707344 0.000118289 0.70687
-0.237188 0.942063 0.237189
1.5 -0.992857
19.4273 20.625 -24.85
-0.651451 -0.388875 0.65145
0.720097 -1.00038e-006 0.693873
-0.269791 0.921314 0.279989
1.5 -1
19.1181 21.8304 -24.5408
-0.691927 -0.206093 0.691926
0.707311 5.94968e-005 0.706902
-0.14534 0.978648 0.145342
1.5 -0.985714
19.0765 22.2824 -24.4992
-0.706996 -0.017696 0.706996
0.707132 -8.77941e-007 0.707081
-0.0124629 0.999845 0.012465
1.5 -0.978571
19.1 22.6339 -24.5227
-0.68301 0.258838 0.683008
0.70656 0.000204766 0.707653
0.182005 0.966307 -0.182004
1.5 -0.971428
19.1806 22.885 -24.6034
-0.558304 0.613672 0.558304
0.705628 0.00160582 0.708581
0.431208 0.79254 -0.431208
1.5 -0.964285
19.3108 23.0357 -24.7336
-0.29934 0.905975 0.29934
0.705849 0.00371326 0.708352
0.638329 0.430202 -0.638328
1.5 -0.957143
19.4827 23.0859 -24.9055
-0.00698048 0.999951 0.00698056
0.707061 0.00351352 0.707144
0.707011 0.016458 -0.707011
1.5 -0.95
19.6886 23.0357 -25.1113
0.212318 0.953856 -0.212318
0.707588 0.00220787 0.706621
0.675402 -0.296083 -0.675401
1.5 -0.942857
19.9207 22.885 -25.3434
0.355241 0.864644 -0.35524
0.707636 0.00129816 0.706576
0.612407 -0.499917 -0.612406
1.5 -0.935714
20.1712 22.6339 -25.5939
0.450449 0.770838 -0.450449
0.70757 0.000796168 0.706643
0.54595 -0.635514 -0.54595
1.5 -0.928571
20.4323 22.2824 -25.8551
0.517928 0.68081 -0.517927
0.707497 0.000513795 0.706716
0.482151 -0.731478 -0.482152
1.5 -0.921428
20.6964 21.8304 -26.1192
0.568388 0.594872 -0.568386
0.707434 0.000342977 0.706779
0.421265 -0.803163 -0.421266
1.5 -0.914285
20.9556 21.2779 -26.3784
0.60744 0.511894 -0.607438
0.707381 0.000230535 0.706832
0.362489 -0.858605 -0.36249
1.5 -0.907142
21.2023 20.625 -26.625
0.631179 0.450808 -0.631178
0.693873 -1.91822e-006 0.720098
0.339244 -0.882075 -0.326891
1.5 -0.899999
16.4088 21.2779 -27.1811
-0.587942 -0.336035 0.735802
0.781438 0.000119877 0.623983
-0.20937 0.942077 0.262022
1.42857 -0.992857
16.5813 20.625 -27.3959
-0.575147 -0.388834 0.719732
0.792684 4.05509e-007 0.609633
-0.237002 0.921339 0.308164
1.42857 -1
16.3076 21.8304 -27.055
-0.610843 -0.206066 0.764466
0.781409 6.09797e-005 0.624019
-0.128294 0.978653 0.160557
1.42857 -0.985714
16.2708 22.2824 -27.0092
-0.62414 -0.0176949 0.781112
0.781251 6.48426e-007 0.624217
-0.0110065 0.999845 0.0137744
1.42857 -0.978571
16.2915 22.6339 -27.0351
-0.602965 0.258819 0.754617
0.780746 0.000205595 0.624848
0.160658 0.966315 -0.20106
1.42857 -0.971428
16.363 22.885 -27.124
-0.492892 0.613635 0.616854
0.779922 0.00160634 0.625875
0.380649 0.792576 -0.476372
1.42857 -0.964285
16.4782 23.0357 -27.2676
-0.264294 0.905958 0.330739
0.780116 0.00371591 0.625624
0.563516 0.430239 -0.705226
1.42857 -0.957143
16.6305 23.0859 -27.4571
-0.00617271 0.999951 0.00769841
0.781187 0.00351826 0.624287
0.624161 0.0164531 -0.781122
1.42857 -0.95
16.8127 23.0357 -27.684
0.187455 0.953843 -0.234614
0.781654 0.00221269 0.623708
0.596248 -0.296123 -0.74619
1.42857 -0.942857
17.0182 22.885 -27.9399
0.313641 0.864612 -0.392525
0.781696 0.00130233 0.623658
0.540624 -0.499969 -0.676577
1.42857 -0.935714
17.24 22.6339 -28.216
0.397695 0.770793 -0.497712
0.781639 0.000799993 0.623731
0.481947 -0.635565 -0.603145
1.42857 -0.928571
17.4713 22.2824 -28.504
0.457263 0.680758 -0.572257
0.781575 0.000517482 0.623812
0.425621 -0.731523 -0.532654
1.42857 -0.921428
17.7051 21.8304 -28.7951
0.501805 0.594819 -0.627998
0.781519 0.000345714 0.623881
0.371868 -0.803201 -0.465384
1.42857 -0.914285
17.9347 21.2779 -29.0809
0.536277 0.511842 -0.671137
0.781472 0.000232886 0.623941
0.31998 -0.858636 -0.400447
1.42857 -0.907142
18.1531 20.625 -29.3528
0.55723 0.450759 -0.69736
0.769505 6.31765e-007 0.638641
0.30085 -0.882091 -0.362497
1.42857 -0.899999
13.3118 21.2779 -29.3851
-0.502448 -0.335919 0.796684
0.846009 0.000120416 0.533168
-0.178857 0.942118 0.283591
1.35714 -0.992857
13.4599 20.625 -29.6173
-0.491558 -0.388697 0.779285
0.855621 7.18049e-007 0.517603
-0.201146 0.921403 0.332501
1.35714 -1
13.225 21.8304 -29.2488
-0.522002 -0.20599 0.827697
0.845985 6.11474e-005 0.533207
-0.109595 0.978669 0.17377
1.35714 -0.985714
13.1934 22.2824 -29.1993
-0.533354 -0.0176897 0.845707
0.845849 6.49858e-007 0.533423
-0.00940363 0.999845 0.0149101
1.35714 -0.978571
13.2112 22.6339 -29.2272
-0.515268 0.258728 0.817043
0.845416 0.000205881 0.534108
0.137237 0.966342 -0.217599
1.35714 -0.971428
13.2725 22.885 -29.3234
-0.42125 0.613508 0.667949
0.84471 0.0016095 0.535222
0.325212 0.792682 -0.515647
1.35714 -0.964285
13.3714 23.0357 -29.4786
-0.22592 0.90591 0.358173
0.844874 0.00372682 0.534952
0.481526 0.43036 -0.763494
1.35714 -0.957143
13.5021 23.0859 -29.6835
-0.00528075 0.999951 0.00831244
0.845793 0.00353135 0.533499
0.533381 0.0164508 -0.845715
1.35714 -0.95
13.6585 23.0357 -29.9288
0.160243 0.953806 -0.25412
0.846195 0.00222258 0.532869
0.50951 -0.296232 -0.807865
1.35714 -0.942857
13.8348 22.885 -30.2054
0.2681 0.864521 -0.425118
0.846232 0.00130905 0.532813
0.461947 -0.500119 -0.732451
1.35714 -0.935714
14.0252 22.6339 -30.504
0.339932 0.770664 -0.539002
0.846182 0.000804695 0.532893
0.411785 -0.635717 -0.652915
1.35714 -0.928571
14.2236 22.2824 -30.8152
0.39083 0.680608 -0.619697
0.846127 0.000520662 0.532981
0.363639 -0.73166 -0.576576
1.35714 -0.921428
14.4243 21.8304 -31.13
0.428882 0.594663 -0.680027
0.84608 0.000347968 0.533056
0.317701 -0.803315 -0.503738
1.35714 -0.914285
14.6213 21.2779 -31.4389
0.458329 0.511688 -0.726712
0.846039 0.000234315 0.533121
0.273361 -0.858726 -0.433433
1.35714 -0.907142
14.8087 20.625 -31.7329
0.476224 0.450612 -0.755089
0.835746 1.26317e-006 0.549116
0.258604 -0.882162 -0.39359
1.35714 -0.899999
9.96584 21.2779 -31.2429
-0.41034 -0.335728 0.847884
0.900271 0.000121005 0.435331
-0.145977 0.942187 0.301621
1.28571 -0.992857
10.0875 20.625 -31.4898
-0.401498 -0.388481 0.829386
0.908119 1.01857e-006 0.418712
-0.162621 0.921499 0.352696
1.28571 -1
9.89447 21.8304 -31.098
-0.426289 -0.205871 0.880849
0.90025 6.13878e-005 0.435374
-0.0894478 0.978694 0.184819
1.28571 -0.985714
9.86853 22.2824 -31.0453
-0.435544 -0.0176718 0.899994
0.900139 6.54197e-007 0.435603
-0.00767476 0.999845 0.0158578
1.28571 -0.978571
9.88317 22.6339 -31.075
-0.420786 0.258587 0.869524
0.899784 0.000206366 0.436335
0.112007 0.966382 -0.231431
1.28571 -0.971428
9.93354 22.885 -31.1773
-0.344072 0.613294 0.710974
0.899204 0.00161449 0.437526
0.265481 0.792857 -0.548542
1.28571 -0.964285
10.0148 23.0357 -31.3422
-0.18458 0.905832 0.381312
0.899337 0.00374317 0.437241
0.39319 0.430557 -0.812418
1.28571 -0.957143
10.1221 23.0859 -31.5601
-0.00431986 0.999952 0.00882043
0.900091 0.00355003 0.435687
0.435578 0.0164521 -0.900001
1.28571 -0.95
10.2506 23.0357 -31.821
0.13093 0.953745 -0.270605
0.900422 0.00223544 0.435011
0.41606 -0.296406 -0.859673
1.28571 -0.942857
10.3954 22.885 -32.115
0.219042 0.864375 -0.452634
0.900453 0.00131713 0.434951
0.377182 -0.50036 -0.779342
1.28571 -0.935714
10.5518 22.6339 -32.4325
0.277704 0.770458 -0.573824
0.900413 0.000809937 0.435036
0.336191 -0.635959 -0.694645
1.28571 -0.928571
10.7148 22.2824 -32.7634
0.319259 0.680369 -0.659675
0.900367 0.000524239 0.43513
0.296858 -0.731879 -0.613374
1.28571 -0.921428
10.8796 21.8304 -33.0981
0.35032 0.594411 -0.723845
0.900328 0.000350271 0.435211
0.259338 -0.803498 -0.53585
1.28571 -0.914285
11.0414 21.2779 -33.4266
0.374351 0.511443 -0.773491
0.900295 0.000235898 0.435281
0.22313 -0.85887 -0.461037
1.28571 -0.907142
11.1953 20.625 -33.7391
0.388952 0.450379 -0.803663
0.891814 1.78164e-006 0.452403
0.212958 -0.882281 -0.419797
1.28571 -0.899999
6.39507 21.2779 -32.7301
-0.312634 -0.33548 0.888658
0.943434 0.000121434 0.33156
-0.111127 0.942275 0.315861
1.21429 -0.992857
6.48848 20.625 -32.9888
-0.305951 -0.38821 0.869303
0.949394 1.2376e-006 0.314087
-0.121899 0.921617 0.368461
1.21429 -1
6.34027 21.8304 -32.5783
-0.324764 -0.205707 0.923154
0.943418 6.15591e-005 0.331606
-0.0680901 0.978728 0.193535
1.21429 -0.985714
6.32035 22.2824 -32.5231
-0.3318 -0.0176682 0.943184
0.943333 6.56141e-007 0.331848
-0.00584551 0.999845 0.0166148
1.21429 -0.978571
6.33159 22.6339 -32.5543
-0.32057 0.258401 0.911298
0.943062 0.000206725 0.332616
0.0852666 0.966433 -0.242356
1.21429 -0.971428
6.37027 22.885 -32.6614
-0.262182 0.613035 0.745284
0.942618 0.00161924 0.33387
0.202158 0.793075 -0.5746
1.21429 -0.964285
6.43267 23.0357 -32.8342
-0.140705 0.905729 0.399822
0.942717 0.00376006 0.333573
0.299505 0.430809 -0.851293
1.21429 -0.957143
6.51507 23.0859 -33.0624
-0.00330401 0.999952 0.00922614
0.943295 0.00356905 0.331937
0.331838 0.0164617 -0.943193
1.21429 -0.95
6.61375 23.0357 -33.3357
0.0998127 0.95367 -0.283816
0.94355 0.00224786 0.331224
0.316946 -0.296628 -0.900865
1.21429 -0.942857
6.72498 22.885 -33.6438
0.16697 0.864191 -0.474653
0.943574 0.00132449 0.33116
0.287291 -0.500668 -0.816576
1.21429 -0.935714
6.84505 22.6339 -33.9763
0.211664 0.770195 -0.601662
0.943543 0.000814437 0.331249
0.256036 -0.636273 -0.727738
1.21429 -0.928571
6.97023 22.2824 -34.323
0.243315 0.68006 -0.691604
0.943508 0.000527051 0.331348
0.226056 -0.732161 -0.642526
1.21429 -0.921428
7.09682 21.8304 -34.6736
0.266964 0.594087 -0.758809
0.943478 0.000352104 0.331434
0.197466 -0.803735 -0.561264
1.21429 -0.914285
7.22107 21.2779 -35.0177
0.285256 0.511125 -0.81079
0.943453 0.000237096 0.331508
0.169884 -0.859058 -0.482865
1.21429 -0.907142
7.33928 20.625 -35.3451
0.296367 0.450077 -0.842376
0.936916 2.131e-006 0.349555
0.164441 -0.882441 -0.440747
1.21429 -0.899999
2.62386 21.2779 -33.8225
-0.210586 -0.335213 0.918306
0.974773 0.000121502 0.223201
-0.0747884 0.94237 0.326106
1.14286 -0.992857
2.68746 20.625 -34.0898
-0.206131 -0.387911 0.898351
0.978738 1.24242e-006 0.205116
-0.0795455 0.921743 0.379556
1.14286 -1
2.58655 21.8304 -33.6656
-0.21874 -0.205528 0.953892
0.974762 6.15656e-005 0.223247
-0.0458203 0.978766 0.199794
1.14286 -0.985714
2.57298 22.2824 -33.6086
-0.223468 -0.0176467 0.974552
0.974704 6.56755e-007 0.223498
-0.00393296 0.999845 0.0171492
1.14286 -0.978571
2.58064 22.6339 -33.6408
-0.215913 0.258192 0.941657
0.974522 0.000206832 0.224294
0.0573834 0.966489 -0.250213
1.14286 -0.971428
2.60697 22.885 -33.7515
-0.176636 0.612721 0.770307
0.97422 0.00162164 0.225594
0.136089 0.793321 -0.593398
1.14286 -0.964285
2.64946 23.0357 -33.9301
-0.0948411 0.905605 0.413383
0.974285 0.00377155 0.225288
0.201696 0.431091 -0.879477
1.14286 -0.957143
2.70556 23.0859 -34.1659
-0.00224122 0.999952 0.00952962
0.974677 0.00358231 0.22359
0.223504 0.0164769 -0.974564
1.14286 -0.95
2.77275 23.0357 -34.4483
0.0672715 0.953589 -0.293499
0.97485 0.00225547 0.222851
0.213458 -0.296867 -0.930755
1.14286 -0.942857
2.84849 22.885 -34.7667
0.11253 0.863988 -0.490776
0.974867 0.0013282 0.222785
0.193457 -0.501006 -0.843545
1.14286 -0.935714
2.93024 22.6339 -35.1103
0.142637 0.769906 -0.622012
0.974846 0.000816206 0.222878
0.172386 -0.636616 -0.751667
1.14286 -0.928571
3.01548 22.2824 -35.4686
0.163948 0.679726 -0.714908
0.974823 0.000527991 0.222981
0.152182 -0.73247 -0.663573
1.14286 -0.921428
3.10167 21.8304 -35.8308
0.179866 0.593739 -0.784297
0.974802 0.00035251 0.223069
0.132922 -0.803992 -0.579593
1.14286 -0.914285
3.18627 21.2779 -36.1865
0.192176 0.510778 -0.837958
0.974785 0.00023731 0.223146
0.114346 -0.859263 -0.49859
1.14286 -0.907142
3.26676 20.625 -36.5248
0.19965 0.449746 -0.870556
0.970309 2.12946e-006 0.241867
0.113699 -0.882622 -0.456126
1.14286 -0.899999
-1.32351 21.2779 -34.4957
-0.105735 -0.33498 0.936274
0.99372 0.000121814 0.111892
-0.0375242 0.942452 0.332228
1.07143 -0.992857
-1.29111 20.625 -34.7684
-0.103528 -0.387651 0.915974
0.99562 2.14241e-006 0.0934899
-0.0362343 0.921847 0.385855
1.07143 -1
-1.34252 21.8304 -34.3358
-0.109822 -0.205373 0.972503
0.993715 6.20967e-005 0.111939
-0.0229883 0.978799 0.203531
1.07143 -0.985714
-1.34943 22.2824 -34.2776
-0.11219 -0.0176301 0.99353
0.993686 1.11945e-006 0.112193
-0.00197257 0.999846 0.0174609
1.07143 -0.978571
-1.34553 22.6339 -34.3104
-0.108399 0.258018 0.96004
0.993595 0.000206691 0.113003
0.0287911 0.966534 -0.254918
1.07143 -0.971428
-1.33212 22.885 -34.4233
-0.0887025 0.612444 0.785522
0.993442 0.00161988 0.114329
0.0682961 0.793528 -0.604689
1.07143 -0.964285
-1.31047 23.0357 -34.6055
-0.0476546 0.905484 0.421696
0.993471 0.00377177 0.114022
0.101253 0.431347 -0.896486
1.07143 -0.957143
-1.28189 23.0859 -34.846
-0.00113888 0.999952 0.00973566
0.993669 0.0035825 0.112288
0.112215 0.0164987 -0.993547
1.07143 -0.95
-1.24766 23.0357 -35.134
0.0337893 0.953525 -0.299415
0.993758 0.00225351 0.111534
0.107164 -0.297073 -0.948822
1.07143 -0.942857
-1.20908 22.885 -35.4587
0.0565245 0.863819 -0.500621
0.993767 0.0013258 0.111468
0.0971106 -0.501298 -0.859808
1.07143 -0.935714
-1.16743 22.6339 -35.8092
0.0716429 0.769664 -0.634416
0.993757 0.000813991 0.111563
0.0865234 -0.636909 -0.766068
1.07143 -0.928571
-1.12401 22.2824 -36.1746
0.082342 0.679439 -0.729097
0.993745 0.000525595 0.111669
0.0763747 -0.732737 -0.676213
1.07143 -0.921428
-1.0801 21.8304 -36.5441
0.0903306 0.593434 -0.799798
0.993735 0.000350739 0.111759
0.0667028 -0.804218 -0.59058
1.07143 -0.914285
-1.037 21.2779 -36.9068
0.096506 0.510484 -0.854455
0.993727 0.000236458 0.111837
0.0573771 -0.859439 -0.508008
1.07143 -0.907142
-0.995997 20.625 -37.2518
0.100255 0.449464 -0.887655
0.991392 2.07946e-006 0.130927
0.0615085 -0.882784 -0.465734
1.07143 -0.899999
-5.42274 21.2779 -34.7255
-0.00180273 -0.334964 0.942229
0.998432 1.84816e-006 0.0559757
-0.0196862 0.936127 0.351111
1 -0.992857
-5.42274 20.625 -35
-0.00195112 -0.387771 0.921754
0.998432 1.84657e-006 0.0559743
-0.0216642 0.922076 0.386401
1 -1
-5.42274 21.8304 -34.5645
-0.00148523 -0.205402 0.978676
0.998432 1.86574e-006 0.0559753
-0.0128561 0.973275 0.229282
1 -0.985714
-5.42274 22.2824 -34.506
-0.00117178 -0.0177204 0.999842
0.998432 1.2477e-006 0.0559745
-0.00306061 0.998505 0.0545706
1 -0.978571
-5.42274 22.6339 -34.539
-0.000851248 0.257817 0.966193
0.998432 9.32188e-007 0.0559748
0.011305 0.979389 -0.201665
1 -0.971428
-5.42274 22.885 -34.6526
-0.000510691 0.612202 0.790702
0.998432 3.09354e-007 0.0559743
0.0304785 0.838752 -0.54366
1 -0.964285
-5.42274 23.0357 -34.836
-0.000198313 0.905377 0.424609
0.998432 -7.55877e-008 0.0559751
0.0483301 0.504483 -0.862068
1 -0.957143
-5.42274 23.0859 -35.0781
-1.28181e-005 0.999951 0.00989584
0.998432 6.54505e-007 0.0559751
0.0557961 0.0799019 -0.99524
1 -0.95
-5.42274 23.0357 -35.3681
4.68316e-005 0.953506 -0.301374
0.998432 2.88589e-007 0.0559753
0.054116 -0.255604 -0.965266
1 -0.942857
-5.42274 22.885 -35.6949
4.58901e-005 0.863745 -0.503929
0.998432 1.20192e-006 0.055975
0.0492641 -0.474791 -0.878719
1 -0.935714
-5.42274 22.6339 -36.0477
2.73894e-005 0.769562 -0.638573
0.998432 2.38977e-006 0.0559746
0.0439676 -0.618905 -0.784234
1 -0.928571
-5.42274 22.2824 -36.4156
1.13457e-005 0.679324 -0.733838
0.998432 1.49865e-006 0.0559745
0.0388642 -0.719685 -0.693212
1 -0.921428
-5.42274 21.8304 -36.7875
3.08078e-006 0.593307 -0.804976
0.998432 2.95336e-007 0.0559755
0.0340069 -0.794298 -0.606576
1 -0.914285
-5.42274 21.2779 -37.1527
-8.09368e-008 0.510356 -0.859963
0.998432 5.75049e-007 0.0559757
0.0293357 -0.851675 -0.523249
1 -0.907142
-5.42274 20.625 -37.5
-6.00755e-007 0.449341 -0.89336
0.998432 1.29111e-006 0.0559762
0.0262597 -0.883144 -0.468366
1 -0.899999
-5.42274 20.625 -35
-0.00195112 -0.387771 0.921754
0.998682 1.81383e-007 -0.0513285
0.0199932 0.921019 0.389004
1 -1
-9.85482 21.2779 -34.4957
0.0992568 -0.346315 0.932853
0.994382 6.42773e-005 -0.105855
0.0366446 0.93796 0.344803
0.928571 -0.992857
-9.97009 20.625 -34.7684
0.0999555 -0.398964 0.911502
0.9925 -6.91468e-005 -0.122246
0.0493448 0.91514 0.400106
0.928571 -1
-5.42274 21.2779 -34.7255
-0.00180273 -0.334964 0.942229
0.998644 1.16461e-006 -0.0520631
0.0165396 0.94819 0.317274
1 -0.992857
-9.76476 21.8304 -34.3358
0.104588 -0.218551 0.970205
0.99424 4.12091e-005 -0.107181
0.0234637 0.97566 0.218031
0.928571 -0.985714
-5.42274 21.8304 -34.5645
-0.00148523 -0.205402 0.978676
0.998602 4.82457e-007 -0.0528571
0.00958699 0.983412 0.181131
1 -0.985714
-9.6977 22.2824 -34.2776
0.108304 -0.0325594 0.993584
0.994128 1.27892e-006 -0.108207
0.00366987 0.999424 0.0337279
0.928571 -0.978571
-5.42274 22.2824 -34.506
-0.00117178 -0.0177204 0.999842
0.998565 -3.04592e-007 -0.0535542
-0.000915443 0.999854 -0.0170749
1 -0.978571
-9.65145 22.6339 -34.3104
0.105893 0.243112 0.964201
0.994088 0.000141098 -0.108575
-0.0262476 0.970651 -0.239056
0.928571 -0.971428
-5.42274 22.6339 -34.539
-0.000851248 0.257817 0.966193
0.998533 1.01698e-006 -0.0541489
-0.0166283 0.951688 -0.306617
1 -0.971428
-9.62381 22.885 -34.4233
0.0870919 0.602583 0.79329
0.994138 0.00140388 -0.108106
-0.0658217 0.801106 -0.594893
0.928571 -0.964285
-5.42274 22.885 -34.6526
-0.000510691 0.612202 0.790702
0.998506 9.22559e-006 -0.0546434
-0.0364133 0.745723 -0.66526
1 -0.964285
-9.61258 23.0357 -34.6054
0.0464464 0.902961 0.427205
0.994046 0.00363302 -0.108897
-0.0995782 0.435965 -0.894438
0.928571 -0.957143
-5.42274 23.0357 -34.836
-0.000198313 0.905377 0.424609
0.998484 1.54172e-005 -0.0550511
-0.0514287 0.35701 -0.932684
1 -0.957143
-9.61556 23.0859 -34.846
0.000571732 0.999947 0.0102703
0.993801 0.00360604 -0.111114
-0.111159 0.0163596 -0.993668
0.928571 -0.95
-5.42274 23.0859 -35.0781
-1.28181e-005 0.999951 0.00989584
0.998466 1.0343e-005 -0.0553711
-0.0553092 -0.0470842 -0.997359
1 -0.95
-9.63054 23.0357 -35.134
-0.0339032 0.953063 -0.300869
0.993673 0.0023093 -0.112288
-0.106474 -0.298754 -0.948372
0.928571 -0.942857
-5.42274 23.0357 -35.3681
4.68316e-005 0.953506 -0.301374
0.998453 4.17826e-006 -0.0556061
-0.0523067 -0.339267 -0.939235
1 -0.942857
-9.65534 22.885 -35.4587
-0.056472 0.863021 -0.502002
0.993635 0.00135845 -0.112636
-0.0966892 -0.502725 -0.859022
0.928571 -0.935714
-5.42274 22.885 -35.6949
4.58901e-005 0.863745 -0.503929
0.998444 -2.14938e-007 -0.0557681
-0.0473275 -0.528959 -0.847327
1 -0.935714
-9.68775 22.6339 -35.8092
-0.0715613 0.768949 -0.635292
0.993627 0.000825015 -0.112717
-0.0862945 -0.637771 -0.765377
0.928571 -0.928571
-5.42274 22.6339 -36.0477
2.73894e-005 0.769562 -0.638573
0.998438 -1.11694e-006 -0.0558741
-0.0421672 -0.656105 -0.75349
1 -0.928571
-9.72557 22.2824 -36.1746
-0.0822759 0.678975 -0.729537
0.993627 0.000525834 -0.112713
-0.0762695 -0.733148 -0.675779
0.928571 -0.921428
-5.42274 22.2824 -36.4156
1.13457e-005 0.679324 -0.733838
0.998434 2.25439e-007 -0.0559359
-0.0371977 -0.746835 -0.663968
1 -0.921428
-9.76659 21.8304 -36.5441
-0.0902891 0.593208 -0.79997
0.993632 0.000346208 -0.112672
-0.066665 -0.80437 -0.590376
0.928571 -0.914285
-5.42274 21.8304 -36.7875
3.08078e-006 0.593307 -0.804976
0.998433 5.18079e-008 -0.0559653
-0.0324296 -0.815 -0.578553
1 -0.914285
-9.80863 21.2779 -36.9068
-0.0964872 0.51041 -0.854501
0.993639 0.000230881 -0.112614
-0.0573682 -0.859477 -0.507945
0.928571 -0.907142
-5.42274 21.2779 -37.1527
-8.09368e-008 0.510356 -0.859963
0.998432 1.11048e-008 -0.0559754
-0.0278096 -0.867855 -0.496039
1 -0.907142
-9.84949 20.625 -37.2518
-0.100252 0.449456 -0.887659
0.99562 -2.24119e-006 -0.0934898
-0.0439131 -0.882832 -0.467632
0.928571 -0.899999
-5.42274 20.625 -37.5
-6.00755e-007 0.449341 -0.89336
0.998432 3.49509e-009 -0.0559769
-0.0262589 -0.883143 -0.468368
1 -0.899999
-14.0366 21.2779 -33.8225
0.198659 -0.373309 0.906187
0.976802 3.18846e-005 -0.214144
0.0798401 0.927844 0.364324
0.857143 -0.992857
-14.2414 20.625 -34.0898
0.19892 -0.424784 0.88317
0.973038 -0.00012 -0.230647
0.0991566 0.903091 0.417845
0.857143 -1
-13.8782 21.8304 -33.6656
0.209307 -0.249938 0.945369
0.976371 3.21906e-005 -0.216099
0.0539352 0.968316 0.243832
0.857143 -0.985714
-13.7621 22.2824 -33.6086
0.217413 -0.068337 0.973684
0.976011 4.91009e-006 -0.217721
0.0149207 0.997647 0.0669096
0.857143 -0.978571
-13.6843 22.6339 -33.6408
0.214372 0.206911 0.954585
0.975802 9.06994e-005 -0.218654
-0.0450309 0.978647 -0.200556
0.857143 -0.971428
-13.6407 22.885 -33.7515
0.178584 0.578231 0.796088
0.97583 0.00125505 -0.218526
-0.126673 0.818093 -0.560962
0.857143 -0.964285
-13.6271 23.0357 -33.9301
0.0959739 0.896728 0.432051
0.975617 0.00364786 -0.219449
-0.197776 0.448136 -0.871813
0.857143 -0.957143
-13.6396 23.0859 -34.1659
0.00152972 0.999935 0.0112864
0.975056 0.00370741 -0.221928
-0.221959 0.017274 -0.974903
0.857143 -0.95
-13.674 23.0357 -34.4483
-0.0683328 0.951986 -0.298416
0.974749 0.00236587 -0.223292
-0.212168 -0.302028 -0.929389
0.857143 -0.942857
-13.7262 22.885 -34.7667
-0.113245 0.861257 -0.495391
0.974644 0.00138287 -0.223758
-0.192371 -0.505596 -0.84105
0.857143 -0.935714
-13.7922 22.6339 -35.1103
-0.143 0.767491 -0.624907
0.974608 0.000834545 -0.223918
-0.171639 -0.639429 -0.749447
0.857143 -0.928571
-13.8679 22.2824 -35.4686
-0.164087 0.678154 -0.716368
0.974597 0.000528737 -0.223963
-0.151761 -0.733858 -0.662134
0.857143 -0.921428
-13.9492 21.8304 -35.8308
-0.179894 0.592969 -0.784873
0.9746 0.000347414 -0.223951
-0.132737 -0.804522 -0.5789
0.857143 -0.914285
-14.032 21.2779 -36.1865
-0.192168 0.510534 -0.838109
0.974611 0.00023106 -0.223905
-0.114292 -0.859394 -0.498376
0.857143 -0.907142
-14.1122 20.625 -36.5248
-0.199647 0.449715 -0.870573
0.978738 -3.32334e-006 -0.205113
-0.0963899 -0.882709 -0.459928
0.857143 -0.899999
-17.9555 21.2779 -32.7301
0.295694 -0.406417 0.864517
0.946176 1.73676e-005 -0.323652
0.131205 0.914124 0.383618
0.785714 -0.992857
-18.2269 20.625 -32.9888
0.294275 -0.455735 0.840064
0.940274 -0.000156003 -0.340418
0.156558 0.888169 0.432026
0.785714 -1
-17.7481 21.8304 -32.5783
0.31162 -0.288613 0.905315
0.945578 3.19601e-005 -0.325396
0.0935459 0.957759 0.271932
0.785714 -0.985714
-17.599 22.2824 -32.5231
0.324983 -0.113073 0.938936
0.945073 1.16593e-005 -0.326858
0.0366694 0.993683 0.106061
0.785714 -0.978571
-17.5025 22.6339 -32.5543
0.323902 0.160168 0.932434
0.944781 5.17206e-005 -0.327703
-0.052472 0.987121 -0.151123
0.785714 -0.971428
-17.453 22.885 -32.6614
0.27453 0.545382 0.791954
0.944887 0.00112712 -0.327395
-0.178605 0.83986 -0.512577
0.785714 -0.964285
-17.4448 23.0357 -32.8342
0.149207 0.888058 0.434844
0.944658 0.00371409 -0.328034
-0.292007 0.465225 -0.835642
0.785714 -0.957143
-17.4722 23.0859 -33.0624
0.00304646 0.999915 0.0126479
0.94381 0.00380845 -0.330466
-0.330477 0.019038 -0.943622
0.785714 -0.95
-17.5295 23.0357 -33.3357
-0.102978 0.950608 -0.292815
0.943363 0.0023837 -0.331753
-0.315132 -0.306185 -0.8983
0.785714 -0.942857
-17.6111 22.885 -33.6438
-0.16957 0.859017 -0.483048
0.943225 0.00137503 -0.332153
-0.285182 -0.509322 -0.81195
0.785714 -0.935714
-17.7114 22.6339 -33.9763
-0.213183 0.765651 -0.606904
0.943183 0.000825931 -0.332274
-0.254367 -0.641601 -0.723634
0.785714 -0.928571
-17.8245 22.2824 -34.323
-0.244025 0.677105 -0.694248
0.943173 0.000522608 -0.332302
-0.225028 -0.734812 -0.639855
0.785714 -0.921428
-17.9449 21.8304 -34.6736
-0.26721 0.592641 -0.759852
0.943179 0.000343975 -0.332284
-0.196983 -0.804759 -0.559964
0.785714 -0.914285
-18.0669 21.2779 -35.0177
-0.285301 0.510671 -0.81106
0.943195 0.000230839 -0.33224
-0.169737 -0.859313 -0.482462
0.785714 -0.907142
-18.1848 20.625 -35.3451
-0.29637 0.45002 -0.842405
0.949395 -1.26202e-006 -0.314085
-0.147686 -0.882556 -0.446411
0.785714 -0.899999
-21.5991 21.2779 -31.2429
0.388095 -0.43766 0.811071
0.902013 2.83554e-005 -0.43171
0.188292 0.899846 0.393476
0.714286 -0.992857
-21.9169 20.625 -31.4898
0.384092 -0.484343 0.786057
0.89368 -0.000161795 -0.448705
0.218455 0.873638 0.43478
0.714286 -1
-21.3596 21.8304 -31.098
0.409083 -0.325301 0.852544
0.901596 4.41046e-005 -0.432579
0.139953 0.946188 0.291791
0.714286 -0.985714
-21.1913 22.2824 -31.0453
0.428183 -0.156155 0.890098
0.901252 2.29651e-005 -0.433295
0.0668888 0.988005 0.139181
0.714286 -0.978571
-21.0872 22.6339 -31.075
0.431195 0.11357 0.895082
0.901132 2.77795e-005 -0.433544
-0.0496264 0.993434 -0.103086
0.714286 -0.971428
-21.0404 22.885 -31.1773
0.372144 0.510869 0.774934
0.901547 0.00103345 -0.43268
-0.220888 0.860969 -0.458194
0.714286 -0.964285
-21.0439 23.0357 -31.3423
0.204961 0.878613 0.431312
0.901502 0.00381247 -0.432758
-0.380491 0.483438 -0.788362
0.714286 -0.957143
-21.0906 23.0859 -31.5601
0.00510524 0.999891 0.0138641
0.900472 0.00389336 -0.434896
-0.434876 0.0212362 -0.90024
0.714286 -0.95
-21.1735 23.0357 -31.821
-0.137143 0.949218 -0.283156
0.899988 0.00236831 -0.435908
-0.41373 -0.310303 -0.855885
0.714286 -0.942857
-21.2857 22.885 -32.115
-0.224413 0.856802 -0.464251
0.899892 0.0013459 -0.43611
-0.373724 -0.513023 -0.772746
0.714286 -0.935714
-21.4202 22.6339 -32.4325
-0.280932 0.763849 -0.581044
0.899891 0.000806111 -0.436114
-0.333259 -0.64376 -0.688848
0.714286 -0.928571
-21.5699 22.2824 -32.7634
-0.320825 0.676085 -0.663311
0.899909 0.000513104 -0.436078
-0.294986 -0.73577 -0.609611
0.714286 -0.921428
-21.728 21.8304 -33.0981
-0.3509 0.592314 -0.725282
0.899932 0.000340157 -0.436031
-0.258432 -0.805012 -0.534011
0.714286 -0.914285
-21.8872 21.2779 -33.4266
-0.374481 0.510782 -0.773865
0.899957 0.000228833 -0.435979
-0.222849 -0.859253 -0.46046
0.714286 -0.907142
-22.0408 20.625 -33.7391
-0.388965 0.450297 -0.803703
0.908119 -2.12639e-006 -0.418712
-0.196994 -0.882414 -0.427245
0.714286 -0.899999
-24.955 21.2779 -29.3851
0.474912 -0.46159 0.749262
0.844537 6.98436e-005 -0.535498
0.24618 0.888013 0.388367
0.642857 -0.992857
-25.3017 20.625 -29.6173
0.467923 -0.505758 0.724746
0.833532 -0.000132691 -0.552471
0.279731 0.862443 0.421832
0.642857 -1
-24.6978 21.8304 -29.2488
0.50055 -0.353481 0.790254
0.844771 7.62961e-005 -0.535128
0.187956 0.936245 0.296847
0.642857 -0.985714
-24.5221 22.2824 -29.1993
0.525218 -0.189653 0.829565
0.844994 4.11168e-005 -0.534776
0.100109 0.98231 0.158258
0.642857 -0.978571
-24.4197 22.6339 -29.2272
0.533057 0.0762629 0.842635
0.845394 1.5431e-005 -0.534144
-0.04163 0.99696 -0.0658592
0.642857 -0.971428
-24.3827 22.885 -29.3234
0.467026 0.481898 0.741391
0.846402 0.00097957 -0.532543
-0.256244 0.877375 -0.40565
0.642857 -0.964285
-24.4028 23.0357 -29.4786
0.260466 0.870362 0.417884
0.846766 0.00392146 -0.531951
-0.462621 0.499094 -0.732726
0.642857 -0.957143
-24.4721 23.0859 -29.6835
0.00752293 0.999866 0.0145457
0.845704 0.00395208 -0.533638
-0.533574 0.0234362 -0.845429
0.642857 -0.95
-24.5824 23.0357 -29.9288
-0.169858 0.948098 -0.268808
