[RedMax3D.com._RedKid_PlugIn_V4.0.0.]
[Eport_mesh,_sceleton_and_sceleton_animation_of_3Ds_Max,_in_text_format_for_DirectX_dimension.]
[Start_Mesh_block]
smdimport
Normal:TRUE.
TangBinor:TRUE.
UVW:TRUE.
SceletData:FALSE.
Vertex_count:
5312
-317.18 36.2388 47.3478
0.523548 0.768143 0.368583
-0.804442 0.564272 0.185662
-0.0693867 -0.399663 0.914032
0.588618 1.22213
-315.236 38.8756 38.6464
0.659003 0.666208 0.349117
-0.737537 0.6634 0.126252
-0.147494 -0.340687 0.928535
0.584252 1.20599
-315.924 39.5771 38.6066
0.651079 0.673165 0.350635
-0.804442 0.564272 0.185662
-0.0693867 -0.399663 0.914032
0.58651 1.20568
-317.962 36.5448 47.8012
0.516174 0.772778 0.369294
-0.856278 0.456163 0.242289
0.0187773 -0.441281 0.897172
0.590209 1.22259
-306.25 42.0044 26.1763
0.406966 0.609108 0.68071
-0.865427 0.477124 0.152935
-0.239895 -0.662566 0.709547
0.567203 1.18532
-306.764 42.6752 25.8747
0.401963 0.613748 0.679513
-0.901105 0.396921 0.174539
-0.16259 -0.682471 0.712599
0.56885 1.18462
-310.618 38.7254 31.7216
0.471502 0.544755 0.693489
-0.865427 0.477124 0.152935
-0.239895 -0.662566 0.709547
0.576531 1.19352
-309.894 38.0676 31.7362
0.476536 0.539361 0.694264
-0.821122 0.555213 0.132274
-0.314121 -0.633109 0.707461
0.574366 1.19374
-306.25 42.0044 26.1763
0.798162 0.60227 -0.0144251
-0.592208 0.805442 0.0235149
0.0209805 -0.0137597 0.999685
0.567203 1.18532
-304.248 39.18 20.8403
0.814028 0.580822 -0.00202651
-0.580755 0.813979 0.012755
0.0090579 -0.00920601 0.999917
0.564231 1.17423
-304.774 39.9162 20.6749
0.812793 0.582545 -0.00301198
-0.592208 0.805442 0.0235149
0.0209805 -0.0137597 0.999685
0.565726 1.17386
-306.764 42.6752 25.8747
0.796791 0.604057 -0.0154713
-0.603352 0.796739 0.0342661
0.0330252 -0.0179683 0.999293
0.56885 1.18462
-303.191 37.6349 16.4671
0.553752 0.629216 0.545385
-0.770479 0.635995 0.0432581
-0.3181 -0.442396 0.838509
0.561769 1.16777
-292.621 35.3179 8.42098
0.550995 0.635577 0.540784
-0.772834 0.633128 0.0433194
-0.314852 -0.441805 0.840046
0.541269 1.15516
-292.867 35.9407 7.93909
0.551113 0.635308 0.540979
-0.770479 0.635995 0.0432581
-0.3181 -0.442396 0.838509
0.542102 1.15433
-303.642 38.3468 16.1046
0.553845 0.628999 0.545541
-0.768107 0.638862 0.043203
-0.321351 -0.442962 0.83697
0.562991 1.16711
-239.506 -60.8207 92.0239
-0.861589 0.389098 0.325986
0.0459364 0.610285 -0.790849
-0.524618 -0.658982 -0.538997
0.471575 1.45452
-239.355 -60.2327 91.7273
-0.862013 0.386851 0.327535
-0.167211 0.39298 -0.904217
-0.478512 -0.834214 -0.274068
0.472183 1.45376
-250.413 -70.5931 74.8623
-0.835034 0.488971 0.25224
0.0459364 0.610285 -0.790849
-0.524618 -0.658982 -0.538997
0.489912 1.48331
-250.745 -71.328 75.1942
-0.834486 0.490545 0.250995
0.265337 0.75694 -0.597192
-0.482938 -0.43175 -0.761816
0.48938 1.4836
-309.312 -43.0746 109.704
0.738831 0.16352 0.653751
-0.625836 0.52273 0.578863
-0.246516 -0.836699 0.489044
0.604742 1.4234
-309.333 -34.7156 107.633
0.741292 0.163178 0.651045
-0.669253 0.106198 0.735407
0.0508627 -0.980864 0.187931
0.608571 1.4062
-309.801 -35.0349 108.245
0.741175 0.163195 0.651174
-0.625836 0.52273 0.578863
-0.246516 -0.836699 0.489044
0.610265 1.40701
-309.841 -42.686 110.204
0.738651 0.163545 0.653948
-0.456752 0.8349 0.307114
-0.495755 -0.525542 0.691399
0.605604 1.42473
-298.344 -65.8101 80.5601
0.900083 -0.387768 -0.19871
-0.0923221 -0.907846 0.409014
-0.301321 -0.366036 -0.880467
0.593707 1.47059
-298.206 -65.3858 80.3311
0.896749 -0.396538 -0.196464
-0.0778826 -0.578432 0.812004
-0.435632 -0.712863 -0.549592
0.592696 1.47013
-295.309 -64.2317 91.2249
0.962243 -0.0128052 -0.271891
-0.0923221 -0.907846 0.409014
-0.301321 -0.366036 -0.880467
0.585359 1.45457
-295.246 -64.7164 91.4543
0.961974 -0.00404086 -0.273112
-0.0380658 -0.992116 -0.119399
-0.270476 0.125255 -0.954544
0.586933 1.45413
-324.023 -47.3481 113.449
-0.0458199 -0.880604 0.471632
-0.982998 -0.0397077 -0.179269
0.166629 -0.603033 -0.780119
0.637931 1.4377
-312.336 -46.9942 115.544
-0.107457 -0.689883 0.715901
-0.98343 -0.0319905 -0.178441
0.146005 -0.723214 -0.675014
0.604802 1.43778
-312.432 -46.6688 115.843
-0.106278 -0.694575 0.711527
-0.982998 -0.0397077 -0.179269
0.166629 -0.603033 -0.780119
0.606021 1.43677
-324.543 -47.1806 113.715
-0.0448019 -0.882929 0.467363
-0.98238 -0.0460321 -0.181134
0.181443 -0.467244 -0.86531
0.638755 1.43639
-312.107 25.9595 68.9071
0.862606 0.505712 0.0128885
-0.114688 0.220313 -0.968663
-0.492705 0.834097 0.248043
0.570231 1.23697
-314.229 29.8688 57.5444
0.862606 0.505712 0.0128884
-0.114688 0.220313 -0.968663
-0.492705 0.834097 0.248043
0.580207 1.24066
-314.693 30.6478 57.9942
0.862606 0.505712 0.0128885
-0.114688 0.220313 -0.968663
-0.492705 0.834097 0.248043
0.58238 1.24312
-297.526 34.0761 59.5025
0.996761 0.0795671 -0.011715
0.0602371 -0.835112 -0.546772
-0.0532885 0.544295 -0.837199
0.501034 1.1958
-297.492 35.6037 72.7914
0.996761 0.0795671 -0.011715
0.0602371 -0.835112 -0.546772
-0.0532885 0.544295 -0.837199
0.492944 1.18605
-297.376 34.3429 74.0663
0.996761 0.0795671 -0.011715
0.0602371 -0.835112 -0.546772
-0.0532885 0.544295 -0.837199
0.493288 1.18438
-314.693 30.6478 57.9942
0.237168 -0.895453 -0.376716
-0.368855 0.275737 -0.887646
0.89872 0.349475 -0.264897
0.553869 1.20287
-297.278 29.8513 70.8512
0.237168 -0.895453 -0.376716
-0.368855 0.275737 -0.887646
0.89872 0.349475 -0.264897
0.520563 1.22495
-312.214 26.575 69.2359
0.237168 -0.895453 -0.376716
-0.368855 0.275737 -0.887646
0.89872 0.349475 -0.264897
0.531703 1.19886
-297.526 34.0761 59.5025
0.999501 0.029659 -0.0108289
0.0189293 -0.837376 -0.546299
-0.0252706 0.545822 -0.83752
0.501034 1.1958
-297.376 34.3429 74.0663
0.999501 0.029659 -0.0108289
0.0189293 -0.837376 -0.546299
-0.0252706 0.545822 -0.83752
0.493288 1.18438
-297.278 29.8513 70.8512
0.999501 0.029659 -0.0108289
0.0189293 -0.837376 -0.546299
-0.0252706 0.545822 -0.83752
0.498517 1.1846
-297.758 -68.1001 71.9459
0.324432 0.250946 0.912014
-0.90652 -0.134527 0.400156
0.270339 -0.913014 0.305487
0.592033 1.48305
-297.845 -68.4872 72.0814
0.271143 -0.316924 0.908868
-0.972502 -0.12087 0.199075
0.00431456 -0.863986 -0.503498
0.593494 1.48367
-268.198 -71.4878 62.3628
0.419456 -0.771736 0.477995
-0.90652 -0.134527 0.400156
0.270339 -0.913014 0.305487
0.527849 1.50051
-268.266 -70.82 61.958
0.317202 0.514898 0.796406
-0.911966 -0.064791 0.405118
0.260194 -0.8548 0.449017
0.527896 1.49837
-297.845 -68.4872 72.0814
0.977015 -0.181866 0.111202
-0.209299 -0.471095 0.856892
-0.12274 -0.856713 -0.500977
0.593494 1.48367
-297.758 -68.1001 71.9459
0.977491 -0.179767 0.110434
-0.178006 -0.421747 0.889069
-0.11325 -0.888714 -0.444253
0.592033 1.48305
-298.206 -65.3858 80.3311
0.962167 -0.238447 0.131822
-0.209299 -0.471095 0.856892
-0.12274 -0.856713 -0.500977
0.592696 1.47013
-298.344 -65.8101 80.5601
0.961686 -0.240061 0.132408
-0.242217 -0.517759 0.820522
-0.12842 -0.821155 -0.556068
0.593707 1.47059
-314.693 30.6478 57.9942
0.212877 -0.914154 -0.344973
-0.363327 0.253687 -0.896457
0.907015 0.316173 -0.278133
0.553869 1.20287
-297.526 34.0761 59.5025
0.212877 -0.914154 -0.344973
-0.363327 0.253687 -0.896457
0.907015 0.316173 -0.278133
0.541473 1.23282
-297.278 29.8513 70.8512
0.212877 -0.914154 -0.344973
-0.363327 0.253687 -0.896457
0.907015 0.316173 -0.278133
0.520563 1.22495
-238.16 23.7135 119.575
0.928997 -0.0652798 0.364286
-0.187175 0.429031 0.883684
-0.0475191 -0.902484 0.428094
0.473965 1.34915
-236.418 16.1222 120.614
0.971007 0.206437 -0.120538
0.0542009 0.30098 0.952089
0.232826 -0.931018 0.281064
0.472613 1.36105
-236.776 14.1346 114.327
0.932885 -0.0573838 0.355575
-0.262122 0.410069 0.873576
-0.142792 -0.911744 0.385139
0.463249 1.36105
-237.073 27.8997 118.775
0.887748 -0.111781 0.446552
-0.369312 0.427589 0.825092
-0.292539 -0.896212 0.333505
0.4748 1.3397
-234.292 11.9906 109.324
0.812145 -0.0422389 0.581924
-0.534762 0.305195 0.787963
-0.209957 -0.951245 0.225947
0.454609 1.36105
-232.807 23.4246 108.246
0.84786 -0.0604805 0.52676
-0.49619 0.319914 0.807125
-0.219608 -0.945654 0.239815
0.455609 1.33921
-223.913 20.1834 98.0312
0.577024 0.0262932 0.816304
-0.81118 0.145807 0.566328
-0.112532 -0.989239 0.093505
0.433561 1.33888
-224.508 9.04513 99.8614
0.594821 0.0992819 0.797704
-0.798716 0.166701 0.578155
-0.0755323 -0.981034 0.178516
0.433561 1.36105
-209.086 6.96707 91.7069
0.263629 -0.0663715 0.962338
-0.949268 0.00936148 0.314328
-0.0199651 -0.999334 -0.0305319
0.40157 1.36105
-208.247 20.2415 93.0369
0.222018 -0.110266 0.968788
-0.979109 -0.0564905 0.195329
0.034046 -0.992617 -0.116412
0.40394 1.33901
-166.831 10.4634 85.7409
0.149508 -0.0993261 0.983759
-0.9868 -0.08086 0.140313
0.0668224 -0.992534 -0.10203
0.320589 1.36105
-13.8969 35.8562 65.0091
0.145124 -0.0681598 0.987063
-0.986764 -0.0804613 0.14079
0.067612 -0.993294 -0.0937892
0.023949 1.33901
-8.79904 23.5392 63.4285
0.144901 -0.0667102 0.987195
-0.986873 -0.0816557 0.139336
0.071315 -0.994426 -0.0776665
0.01506 1.36105
-16.6855 59.7605 40.8257
-0.0925726 0.989107 0.114442
-0.980018 -0.135311 0.145796
0.192025 -0.452404 0.870894
0.023949 1.26575
-18.1892 58.4524 42.1146
-0.0146705 0.710276 0.70377
-0.976751 0.140371 -0.162029
-0.213874 -0.689785 0.691704
0.026654 1.27027
-15.6797 36.9403 63.8778
-0.074352 0.934793 0.347324
-0.975499 -0.164687 0.145876
0.219514 -0.684387 0.695289
0.026654 1.33304
-13.8969 35.8562 65.0091
-0.0146686 0.710276 0.70377
-0.790982 -0.438806 0.426376
0.611663 -0.550416 0.568253
0.023949 1.33901
-211.198 41.1094 68.1838
0.0232929 0.744203 0.667547
-0.985648 -0.0949256 0.139595
0.166009 -0.695105 0.699478
0.414278 1.26575
-209.026 39.9887 69.3601
0.0443946 0.154349 0.987018
-0.985473 -0.095259 0.140598
0.168245 -0.660427 0.731799
0.412448 1.27033
-18.1892 58.4524 42.1146
0.0379948 0.679085 0.733075
-0.985648 -0.0949256 0.139595
0.166009 -0.695105 0.699478
0.026654 1.27027
-16.6855 59.7605 40.8257
0.038056 0.678799 0.733338
-0.985819 -0.094527 0.138655
0.163439 -0.728215 0.665575
0.023949 1.26575
-206.344 35.6731 66.0212
0.110348 0.800887 0.58856
-0.987636 0.0425553 0.150879
0.0943813 -0.60706 0.789031
0.369888 1.5458
-236.308 36.0014 67.899
0.0438932 0.83058 0.555167
-0.99811 0.012529 0.0601691
0.0430195 -0.556758 0.82956
0.426449 1.54596
-226.475 19.5451 91.7417
-0.741142 0.64344 0.191556
-0.987636 0.0425553 0.150879
0.0943813 -0.60706 0.789031
0.410765 1.60066
-205.056 18.1057 86.4764
0.205244 0.748825 0.630187
-0.969386 0.066867 0.236262
0.13478 -0.659386 0.739625
0.369012 1.60054
-206.481 21.4351 91.3598
-0.150031 0.796396 -0.58587
-0.986584 -0.0810195 0.14173
0.0677656 0.586593 0.807042
0.372226 1.61293
-15.6797 36.9403 63.8778
-0.074352 0.934793 0.347324
-0.986566 -0.0799042 0.14249
0.0714614 0.573263 0.816249
0.013461 1.61315
-18.0756 33.6783 59.7551
-0.146957 0.815167 -0.560273
-0.986584 -0.0810195 0.14173
0.0677656 0.586593 0.807042
0.016786 1.60054
-205.056 18.1057 86.4764
-0.150101 0.795951 -0.586457
-0.986595 -0.0821685 0.140994
0.0640357 0.599759 0.797615
0.369012 1.60054
-312.107 25.9595 68.9071
0.963676 0.234675 -0.127498
0.188281 -0.258382 0.947517
-0.189415 0.937105 0.293181
0.570231 1.23697
-314.693 30.6478 57.9942
0.963676 0.234675 -0.127498
0.188281 -0.258382 0.947517
-0.189415 0.937105 0.293181
0.58238 1.24312
-312.214 26.575 69.2359
0.963676 0.234675 -0.127498
0.188281 -0.258382 0.947517
-0.189415 0.937105 0.293181
0.577404 1.23951
-238.546 30.3642 117.31
0.51815 0.679046 0.520016
-0.350492 0.392304 0.850443
0.474293 -0.708647 0.522365
0.475308 1.33323
-237.073 27.8997 118.775
0.470608 0.474326 0.744005
-0.358158 0.381481 0.852171
0.433605 -0.74036 0.513667
0.4748 1.3397
-232.807 23.4246 108.246
0.716435 0.681402 0.149707
-0.494836 0.327808 0.804785
0.50693 -0.643315 0.573732
0.455609 1.33921
-234.332 25.4374 106.426
0.716391 0.680772 0.152752
-0.486509 0.334467 0.807118
0.498345 -0.652558 0.570807
0.455763 1.33269
-225.691 21.7918 96.1307
0.41017 0.842005 0.350412
-0.769567 0.168586 0.61591
0.44458 -0.550912 0.706289
0.433561 1.33291
-223.913 20.1834 98.0312
0.338895 0.850349 0.402563
-0.836713 0.114566 0.535525
0.411778 -0.513065 0.753129
0.433561 1.33888
-208.247 20.2415 93.0369
0.169019 0.824665 0.539777
-0.951843 -0.00555511 0.306535
0.255787 -0.565594 0.784013
0.40394 1.33901
-309.724 6.10767 91.5178
0.994422 0.104369 -0.0152127
-0.0815049 0.668872 -0.738896
-0.0669427 0.736015 0.673647
0.530043 1.23727
-312.214 26.575 69.2359
0.994422 0.104369 -0.0152127
-0.0815049 0.668872 -0.738896
-0.0669427 0.736015 0.673647
0.577404 1.23951
-309.747 6.41413 92.1341
0.994422 0.104369 -0.0152127
-0.0815049 0.668872 -0.738896
-0.0669427 0.736015 0.673647
0.534571 1.24377
-1.70071 24.0282 63.1082
0.00867534 0.456807 0.889524
-0.0828631 0.850852 -0.518829
-0.996557 -0.0693635 0.0454093
0.620653 1.27269
-2.56725 32.9259 57.6825
-0.00502862 0.597419 0.801913
-0.0830081 0.798889 -0.595723
-0.996536 -0.0695606 0.0455737
0.639246 1.27269
-8.79904 23.5392 63.4285
0.0444578 0.458923 0.887363
-0.0828631 0.85085 -0.518833
-0.996557 -0.0693664 0.0454046
0.620653 1.28577
-9.66522 32.4333 58.005
-0.00503547 0.597467 0.801877
-0.0830081 0.798888 -0.595724
-0.996536 -0.0695621 0.0455718
0.639246 1.28577
-10.8905 43.4324 48.0845
-0.017356 0.710091 0.703897
-0.0819987 0.714048 -0.695278
-0.996507 -0.0697976 0.0458427
0.666371 1.28577
-3.79303 43.9297 47.7577
-0.0173559 0.710091 0.703896
-0.0814395 0.686974 -0.722104
-0.996499 -0.0698694 0.0459157
0.666371 1.27269
-12.0908 53.226 36.9696
-0.0294515 0.806771 0.59013
-0.079399 0.611413 -0.787318
-0.996478 -0.0700627 0.0460831
0.693734 1.28577
-4.9939 53.7276 36.638
-0.0294539 0.806806 0.590081
-0.0777415 0.561349 -0.82392
-0.996463 -0.070185 0.0462039
0.693734 1.27269
-12.8833 58.5501 28.0088
-0.046569 0.90672 0.419153
-0.0757845 0.50933 -0.857228
-0.99645 -0.0702889 0.0463299
0.712047 1.28577
-5.78667 59.0538 27.6736
-0.0424029 0.894118 0.445819
-0.0758098 0.509325 -0.857228
-0.996448 -0.0702974 0.0463544
0.712047 1.27269
-256.382 33.972 58.744
-0.149582 0.988007 -0.0383096
-0.976465 -0.129677 0.172335
0.170019 0.0288078 0.98502
0.49504 1.23807
-264.543 33.7204 59.6131
-0.0129834 0.98642 0.163727
-0.993973 -0.0305577 0.105283
0.108857 -0.161373 0.980872
0.507978 1.23808
-265.507 32.7448 65.4145
-0.159635 0.986486 -0.0368934
-0.971724 -0.11577 0.205789
0.207801 -0.0054577 0.978156
0.508874 1.25045
-265.702 33.209 70.0628
-0.239196 0.953307 -0.184366
-0.963029 -0.209221 0.169708
0.121563 0.224682 0.96682
0.510021 1.26575
-243.225 36.1765 57.343
-0.546459 0.836863 -0.0323004
-0.877474 -0.469963 0.0957812
0.0654171 0.0805642 0.9946
0.461681 1.23805
-248.403 39.0095 68.1842
-0.283471 0.886002 -0.366939
-0.945088 -0.319631 -0.0681461
-0.176943 0.325129 0.928968
0.480771 1.26575
-241.162 41.4377 70.0616
-0.0946233 0.925241 -0.367389
-0.983438 -0.158368 -0.088144
-0.139039 0.347226 0.927417
0.468526 1.26575
-211.198 41.1094 68.1838
-0.0984869 0.982769 -0.156415
-0.992397 -0.0577036 0.108715
0.0937436 0.217992 0.971438
0.414278 1.26575
-12.8833 58.5501 28.0088
-0.112212 0.985662 -0.126013
-0.986633 -0.0952363 0.132234
0.118634 0.136552 0.983504
0.01506 1.23808
-226.475 19.5451 91.7417
-0.826638 0.552358 0.10757
-0.970829 0.0386566 0.236636
0.222014 0.517668 0.826274
0.410525 1.60103
-225.691 21.7918 96.1307
-0.0928221 0.892936 -0.44051
-0.970095 0.0185511 0.242018
0.224278 0.449801 0.864511
0.406922 1.61288
-206.481 21.4351 91.3598
-0.0884676 0.822285 -0.562158
-0.970829 0.0386566 0.236636
0.222014 0.517668 0.826274
0.372226 1.61293
-205.056 18.1057 86.4764
-0.0877092 0.810961 -0.578489
-0.971206 0.0595165 0.230686
0.221507 0.582066 0.78239
0.369012 1.60054
-248.403 39.0095 68.1842
-0.190512 0.539918 0.819874
-0.946757 -0.321451 -0.0179168
0.254052 -0.780118 0.571729
0.480771 1.26575
-265.702 33.209 70.0628
-0.121947 0.615784 0.778421
-0.943132 -0.316247 0.102422
0.309243 -0.721663 0.619331
0.510021 1.26575
-264.57 31.8034 71.3521
-0.553982 0.527179 0.644349
-0.943482 -0.31519 0.102456
0.309151 -0.725553 0.614815
0.508572 1.27033
-246.667 37.7617 69.4079
-0.271794 0.447415 0.852026
-0.939517 -0.317845 -0.127604
0.217511 -0.841488 0.494558
0.479358 1.27033
-241.162 41.4377 70.0616
-0.248066 0.438864 0.863633
-0.971048 -0.20189 -0.127699
0.104122 -0.838807 0.534379
0.468526 1.26575
-238.99 40.317 71.238
-0.0416349 0.683878 0.728407
-0.995591 -0.0905542 -0.0244466
0.0529202 -0.757493 0.650695
0.466829 1.27033
-211.198 41.1094 68.1838
0.048539 0.766401 0.640526
-0.997982 0.0109358 0.0625421
0.0409277 -0.642268 0.765387
0.414278 1.26575
-209.026 39.9887 69.3601
0.161217 -0.0519953 0.985548
-0.997982 0.0109357 0.0625423
0.0409279 -0.642269 0.765386
0.412448 1.27033
-312.336 -46.9942 115.544
0.698006 -0.356394 0.621105
-0.645714 0.139415 0.750744
-0.313261 -0.945009 -0.0939444
0.604802 1.43778
-308.054 -45.4772 111.738
0.690669 -0.22697 0.686631
-0.661625 0.184974 0.726661
-0.291939 -0.956174 -0.0224131
0.597767 1.43046
-308.54 -45.1535 112.333
0.691158 -0.231454 0.684638
-0.645714 0.139415 0.750744
-0.313261 -0.945009 -0.0939444
0.598887 1.42996
-312.432 -46.6688 115.843
0.697984 -0.362979 0.617304
-0.631356 0.0948839 0.769666
-0.337945 -0.926954 -0.162942
0.606021 1.43677
-308.235 -4.28857 95.8665
0.445409 -0.772756 -0.452171
0.262493 0.477859 -0.838301
0.88467 0.22772 0.40682
0.533939 1.19565
-295.88 -1.20658 101.585
0.345311 -0.901724 -0.260105
0.894738 0.399952 -0.198704
0.283205 -0.164111 0.944914
0.536093 1.20737
-295.965 -1.39789 102.135
0.348924 -0.897705 -0.269031
0.262493 0.477859 -0.838301
0.88467 0.22772 0.40682
0.531914 1.2081
-308.639 -4.83983 96.4356
0.63309 -0.530324 0.563873
-0.579886 0.15924 -0.798984
0.698392 0.602147 -0.386869
0.527489 1.19433
-312.312 31.0666 72.451
0.0274193 -0.581639 0.812985
0.996464 0.0787002 0.0294266
-0.080888 0.803785 0.589396
-0.594171 1.61286
-503.443 25.1064 71.5538
0.0151618 -0.605943 0.795364
0.999488 0.031594 0.00501666
-0.0281685 0.794881 0.606112
-0.986577 1.61311
-500.896 21.0054 68.3809
0.0151375 -0.605594 0.79563
0.999529 0.0303456 0.00460402
-0.027144 0.803937 0.594095
-0.983122 1.60054
-312.214 26.575 69.2359
0.0255034 -0.581493 0.813152
0.991085 0.123278 0.0505288
-0.129609 0.804277 0.579949
-0.605035 1.60076
-297.376 34.3429 74.0663
0.039536 -0.581023 0.812926
0.982728 0.169801 0.0735678
-0.18078 0.795977 0.577702
-0.563442 1.61449
-297.278 29.8513 70.8512
0.0395359 -0.581023 0.812926
0.984 0.164085 0.0694207
-0.173724 0.797175 0.578214
-0.563574 1.6028
-297.376 34.3429 74.0663
-0.224923 0.682526 0.695391
-0.971371 -0.213079 -0.105052
0.0764729 -0.699113 0.71091
0.550524 1.27033
-297.492 35.6037 72.7914
-0.224923 0.682526 0.69539
-0.971371 -0.213078 -0.105052
0.076472 -0.699111 0.710912
0.550976 1.26575
-312.428 32.3275 71.1761
-0.149933 0.924723 0.349867
-0.984201 -0.160197 -0.0754022
0.00943475 -0.472714 0.881165
0.573572 1.26575
-312.312 31.0666 72.451
-0.224923 0.682521 0.695395
-0.971371 -0.213079 -0.105052
0.076474 -0.699115 0.710908
0.572745 1.27033
-309.616 5.48838 92.457
0.991087 0.130199 -0.028183
0.130071 -0.900099 0.415816
0.0287725 -0.415775 -0.909012
0.591004 1.36656
-309.724 6.10767 91.5178
0.991087 0.130201 -0.0281819
0.130071 -0.900099 0.415816
0.0287725 -0.415775 -0.909012
0.588378 1.36928
-309.747 6.41413 92.1341
0.616054 0.696988 -0.366995
0.13007 -0.90007 0.41588
0.0287838 -0.415839 -0.908983
0.590687 1.36613
-308.235 -4.28857 95.8665
0.445409 -0.772756 -0.452171
0.130072 -0.900129 0.415751
0.0287613 -0.415711 -0.909042
0.594357 1.37116
-309.558 8.23098 98.817
-0.306971 0.646266 0.698648
-0.9532 -0.156672 -0.258582
-0.0392984 -0.783806 0.619761
0.620251 1.33911
-299.828 9.73294 101.35
-0.289141 0.540939 0.789799
-0.957115 -0.147743 -0.249204
-0.018117 -0.827983 0.56046
0.597586 1.33911
-299.736 11.2288 100.36
-0.29167 0.554627 0.779306
-0.9532 -0.156672 -0.258582
-0.0392984 -0.783806 0.619761
0.596844 1.33303
-309.715 9.48899 97.5441
-0.308587 0.657234 0.687617
-0.949159 -0.165476 -0.267796
-0.0622202 -0.735296 0.674883
0.619482 1.33303
-207.22 -19.9172 98.8319
-0.549817 0.639789 0.537003
-0.849537 -0.346952 -0.39738
-0.0524969 -0.693944 0.718113
0.402243 1.40322
-207.515 -19.6839 98.2504
-0.550465 0.640008 0.536077
-0.834488 -0.402677 -0.37614
-0.0248666 -0.654402 0.755738
0.403021 1.40267
-219.632 -34.8973 103.971
-0.499411 0.621035 0.604072
-0.849537 -0.346952 -0.39738
-0.0524969 -0.693944 0.718113
0.42791 1.41641
-219.361 -35.0303 104.331
-0.498317 0.620594 0.605428
-0.862972 -0.28785 -0.415237
-0.0834216 -0.729387 0.678995
0.427499 1.41668
-311.361 -25.2009 104.497
0.766262 0.258387 0.588285
-0.48556 -0.338272 0.806104
0.401194 -0.90549 -0.138317
0.614056 1.39135
-312.263 -14.042 100.715
0.787723 0.253852 0.561295
-0.452925 -0.378934 0.807012
0.417555 -0.889926 -0.183519
0.615688 1.37498
-312.787 -14.1775 101.512
0.787035 0.254006 0.56219
-0.48556 -0.338272 0.806104
0.401194 -0.90549 -0.138317
0.61666 1.37456
-311.767 -25.5034 105.156
0.765439 0.258551 0.589283
-0.517529 -0.296903 0.802504
0.382448 -0.919239 -0.0934539
0.614968 1.39145
-63.5126 35.75 65.1622
0.0166964 0.720742 0.693002
0.173758 -0.684644 0.707864
0.984647 0.108596 -0.136666
0.809201 1.79819
-58.6773 34.2127 66.6446
0.0166968 0.720742 0.693003
0.173277 -0.684698 0.707929
0.984732 0.108261 -0.13632
0.816439 1.80903
-57.9229 36.5507 64.1948
0.0166968 0.720742 0.693003
0.173875 -0.684631 0.707847
0.984626 0.108677 -0.13675
0.80852 1.81231
-61.5198 37.6943 63.0921
0.0166962 0.720743 0.693002
0.174032 -0.684614 0.707825
0.984598 0.108787 -0.136863
0.80314 1.80425
-67.1632 38.4431 62.4493
0.0166963 0.720742 0.693003
0.173572 -0.684665 0.707889
0.98468 0.108467 -0.136532
0.798368 1.79096
-64.2355 39.6977 61.074
0.0166962 0.720741 0.693003
0.173477 -0.684676 0.707902
0.984696 0.108401 -0.136463
0.795088 1.79887
-69.0734 41.882 58.9188
0.016696 0.720741 0.693003
0.172775 -0.684753 0.707999
0.98482 0.107913 -0.135959
0.785589 1.78841
-65.6566 42.2559 58.4476
0.016696 0.720741 0.693003
0.172441 -0.68479 0.708045
0.984878 0.107681 -0.135719
0.785589 1.79698
-68.9525 45.5431 55.1081
0.0166961 0.720741 0.693003
0.171817 -0.684858 0.70813
0.984987 0.107247 -0.13527
0.772811 1.79096
-65.5666 44.9794 55.6129
0.0166962 0.720741 0.693003
0.171548 -0.684887 0.708167
0.985034 0.107059 -0.135077
0.776091 1.79887
-66.8188 48.8692 51.5975
0.0166967 0.720742 0.693003
0.171284 -0.684915 0.708204
0.98508 0.106876 -0.134887
0.761978 1.79819
-63.9794 47.4537 53.0013
0.0166967 0.720742 0.693003
0.171342 -0.684909 0.708196
0.98507 0.106916 -0.134929
0.768039 1.80425
-62.9971 51.3538 48.9214
0.0166962 0.720742 0.693003
0.171445 -0.684898 0.708182
0.985052 0.106988 -0.135003
0.754739 1.80903
-61.1364 49.302 51.0105
0.016696 0.720742 0.693003
0.171905 -0.684848 0.708119
0.984972 0.107308 -0.135333
0.762659 1.81231
-58.0694 52.6186 47.4872
0.0166964 0.720742 0.693003
0.172256 -0.68481 0.708071
0.984911 0.107551 -0.135586
0.752198 1.82181
-57.4707 50.2429 49.9436
0.0166965 0.720742 0.693003
0.17296 -0.684733 0.707973
0.984787 0.108041 -0.136092
0.760769 1.82181
-52.7857 52.4712 47.5132
0.0166962 0.720742 0.693003
0.1732 -0.684706 0.70794
0.984745 0.108208 -0.136265
0.754739 1.83458
-53.5402 50.1332 49.963
0.0166962 0.720742 0.693003
0.173827 -0.684637 0.707853
0.984635 0.108644 -0.136715
0.762659 1.8313
-47.9505 50.9339 48.9956
0.0166961 0.720742 0.693003
0.173754 -0.684645 0.707864
0.984648 0.108594 -0.136663
0.761978 1.84542
-49.9432 48.9896 51.0657
0.016696 0.720742 0.693003
0.174058 -0.684612 0.707821
0.984594 0.108805 -0.136881
0.768039 1.83935
-44.2999 48.2408 51.7085
0.0166961 0.720741 0.693003
0.173566 -0.684666 0.707889
0.984681 0.108462 -0.136527
0.772811 1.85265
-47.2275 46.9862 53.0839
0.0166961 0.720741 0.693003
0.173432 -0.684681 0.707908
0.984704 0.10837 -0.136431
0.776091 1.84474
-42.3896 44.8019 55.239
0.0166961 0.720741 0.693003
0.172745 -0.684756 0.708003
0.984825 0.107892 -0.135938
0.785589 1.8552
-45.8065 44.428 55.7102
0.0166963 0.720742 0.693003
0.172442 -0.684789 0.708045
0.984878 0.107681 -0.135719
0.785589 1.84662
-42.5106 41.1408 59.0496
0.0166966 0.720741 0.693003
0.171852 -0.684854 0.708126
0.984981 0.107271 -0.135296
0.798368 1.85265
-45.8964 41.7045 58.5449
0.0166966 0.720742 0.693003
0.171575 -0.684884 0.708164
0.98503 0.107078 -0.135096
0.795088 1.84474
-44.6443 37.8147 62.5603
0.0166965 0.720742 0.693003
0.171283 -0.684916 0.708204
0.98508 0.106875 -0.134886
0.809201 1.84542
-47.4837 39.2303 61.1565
0.0166961 0.720742 0.693003
0.171361 -0.684907 0.708193
0.985067 0.10693 -0.134942
0.80314 1.83935
-48.4659 35.3301 65.2364
0.0166957 0.720742 0.693002
0.171494 -0.684892 0.708176
0.985044 0.107022 -0.135037
0.816439 1.83458
-50.3267 37.3819 63.1473
0.0166954 0.720742 0.693002
0.171955 -0.684842 0.708112
0.984963 0.107343 -0.135369
0.80852 1.8313
-53.3937 34.0653 66.6706
0.0166963 0.720742 0.693002
0.172285 -0.684806 0.708067
0.984906 0.107572 -0.135607
0.818981 1.82181
-53.9924 36.441 64.2142
0.0166965 0.720742 0.693002
0.173001 -0.684728 0.707968
0.98478 0.108069 -0.136122
0.810409 1.82181
-61.5198 37.6943 63.0921
0.570161 0.664094 -0.483627
0.535873 0.204271 0.819215
0.668709 -0.695034 -0.264116
0.80314 1.80425
-57.9229 36.5507 64.1948
0.217448 0.776233 -0.591759
0.312877 0.537399 0.783142
0.937361 -0.307684 -0.163354
0.80852 1.81231
-57.853 34.0098 60.8876
0.21745 0.776234 -0.591757
0.536335 0.3771 0.755076
0.795927 -0.52362 -0.303845
0.799181 1.81617
-61.2221 35.081 59.8547
0.570161 0.664094 -0.483627
0.611791 -0.0319028 0.790376
0.488125 -0.771031 -0.408955
0.795992 1.8114
-64.2355 39.6977 61.074
0.836465 0.467641 -0.285723
0.495769 -0.250545 0.831529
0.338882 -0.825766 -0.450855
0.795088 1.79887
-63.7658 36.9575 57.9644
0.836464 0.467642 -0.285726
0.437716 -0.438983 0.784665
0.227937 -0.790021 -0.569132
0.791219 1.80821
-65.6566 42.2559 58.4476
0.975814 0.216779 -0.0281866
0.230868 -0.642863 0.730361
0.142848 -0.720111 -0.678996
0.785589 1.79698
-65.0969 39.3537 55.5043
0.975814 0.21678 -0.0281864
0.11623 -0.737826 0.664908
0.127465 -0.652829 -0.746704
0.785589 1.80709
-65.5666 44.9794 55.6129
0.966991 -0.050294 0.249797
-0.105899 -0.868438 0.484356
0.173409 -0.495759 -0.850971
0.776091 1.79887
-65.0126 41.9048 52.8491
0.96699 -0.0502948 0.249801
-0.210835 -0.895076 0.392923
0.227402 -0.435841 -0.870822
0.779959 1.80821
-63.9794 47.4537 53.0013
0.811344 -0.292921 0.505884
-0.346783 -0.930217 0.120158
0.402566 -0.263321 -0.8767
0.768039 1.80425
-63.5258 44.2223 50.4029
0.811344 -0.292922 0.505883
-0.378345 -0.925389 -0.0226017
0.510673 -0.188299 -0.838902
0.775187 1.8114
-61.1364 49.302 51.0105
0.532564 -0.474167 0.7011
-0.3569 -0.89018 -0.2832
0.726996 -0.0743114 -0.682608
0.762659 1.81231
-60.863 45.9536 48.5382
0.532566 -0.474167 0.701098
-0.230575 -0.866786 -0.442173
0.848539 0.0433 -0.527358
0.771998 1.81617
-57.4707 50.2429 49.9436
0.173096 -0.566437 0.805721
-0.0893541 -0.827521 -0.554279
0.967363 0.060383 -0.246096
0.760769 1.82181
-57.4294 46.8349 47.5389
0.173097 -0.566438 0.80572
0.169788 -0.795023 -0.582332
0.979508 0.201103 0.0110372
0.770878 1.82181
-53.5402 50.1332 49.963
-0.212333 -0.555686 0.803821
0.281667 -0.810769 -0.513145
0.948018 0.152622 0.279226
0.762659 1.8313
-53.7477 46.7322 47.557
-0.212336 -0.555685 0.803821
0.509487 -0.781873 -0.359301
0.815118 0.304758 0.492651
0.771998 1.82744
-49.9432 48.9896 51.0657
-0.565055 -0.443541 0.69569
0.511679 -0.839215 -0.184126
0.691191 0.274779 0.668395
0.768039 1.83935
-50.3786 45.661 48.5899
-0.565055 -0.44354 0.69569
0.59392 -0.803035 0.0489213
0.515877 0.42679 0.742779
0.775187 1.83221
-47.2275 46.9862 53.0839
-0.831356 -0.247087 0.49779
0.482273 -0.832842 0.271637
0.369005 0.474363 0.799259
0.776091 1.84474
-47.8349 43.7845 50.4803
-0.831357 -0.247084 0.49779
0.429877 -0.777281 0.45939
0.259992 0.593816 0.761438
0.779959 1.8354
-45.8065 44.428 55.7102
-0.970704 0.00377875 0.24025
0.229304 -0.710126 0.665688
0.175821 0.70288 0.689236
0.785589 1.84662
-46.5039 41.3883 52.9403
-0.970704 0.00377871 0.240249
0.118534 -0.638287 0.760618
0.160394 0.768267 0.619709
0.785589 1.83652
-45.8964 41.7045 58.5449
-0.961883 0.270847 -0.0377276
-0.0961414 -0.447478 0.889112
0.204936 0.865214 0.45761
0.795088 1.84474
-46.5881 38.8372 55.5955
-0.961884 0.270844 -0.0377275
-0.198262 -0.352582 0.914537
0.257912 0.881411 0.395723
0.791219 1.8354
-47.4837 39.2303 61.1565
-0.806234 0.513474 -0.29382
-0.326967 -0.0754313 0.942021
0.428979 0.876349 0.219067
0.80314 1.83935
-48.0748 36.5197 58.0416
-0.806234 0.513475 -0.293821
-0.355331 0.0677322 0.932283
0.53434 0.833062 0.143135
0.795992 1.83221
-50.3267 37.3819 63.1473
-0.527455 0.694719 -0.489037
-0.328727 0.326153 0.88632
0.744175 0.667291 0.0304533
0.80852 1.8313
-50.7377 34.7885 59.9063
-0.527459 0.694717 -0.489036
-0.199357 0.481007 0.85375
0.859226 0.5047 -0.083715
0.799181 1.82744
-53.9924 36.441 64.2142
-0.167987 0.786987 -0.593659
-0.0565643 0.588069 0.806831
0.971065 0.220208 -0.0924229
0.810409 1.82181
-54.1714 33.9071 60.9057
-0.167987 0.786988 -0.593659
0.2023 0.608589 0.767264
0.973867 -0.0424292 -0.223119
0.800301 1.82181
-65.6279 41.8693 59.602
0.778135 -0.34594 -0.524243
-0.603923 -0.641411 -0.473148
-0.172575 0.684776 -0.708025
0.750025 1.85922
-65.3558 40.7895 60.7186
0.778136 -0.34594 -0.524243
-0.603923 -0.641411 -0.473148
-0.172574 0.684775 -0.708026
0.750025 1.85533
-68.5514 37.3954 58.2149
0.778135 -0.345939 -0.524244
-0.603923 -0.641411 -0.473148
-0.172575 0.684776 -0.708025
0.757846 1.85533
-68.8236 38.4753 57.0983
0.778135 -0.345939 -0.524244
-0.603924 -0.641411 -0.473148
-0.172576 0.684776 -0.708025
0.757846 1.85922
-65.6279 41.8693 59.602
0.984855 0.107774 -0.135816
-0.0167161 -0.720662 -0.693085
-0.172574 0.684858 -0.707946
0.750025 1.85922
-65.6001 43.0711 60.7576
0.984855 0.107774 -0.135816
-0.0167361 -0.720583 -0.693167
-0.172572 0.684942 -0.707866
0.745915 1.85922
-65.3279 41.9913 61.8741
0.984855 0.107774 -0.135816
-0.0167161 -0.720662 -0.693085
-0.172574 0.684858 -0.707946
0.745915 1.85533
-65.3558 40.7895 60.7186
0.984855 0.107774 -0.135816
-0.0166961 -0.720742 -0.693003
-0.172576 0.684775 -0.708026
0.750025 1.85533
-71.1899 38.2164 57.4247
-0.95868 -0.281816 -0.0388897
-0.226164 0.67206 0.705114
-0.172576 0.684774 -0.708027
0.71568 1.85922
-70.9178 37.1365 58.5412
-0.95868 -0.281816 -0.0388897
-0.226164 0.67206 0.705114
-0.172576 0.684774 -0.708027
0.71568 1.85533
-72.2949 41.2289 62.8349
-0.95868 -0.281816 -0.0388897
-0.226164 0.67206 0.705114
-0.172576 0.684774 -0.708027
0.728478 1.85533
-72.5671 42.3087 61.7183
-0.95868 -0.281816 -0.0388897
-0.226164 0.67206 0.705114
-0.172576 0.684774 -0.708027
0.728478 1.85922
-68.8236 38.4753 57.0983
-0.0166959 -0.720741 -0.693004
-0.984855 -0.107773 0.135814
-0.172574 0.684776 -0.708026
0.757846 1.85922
-68.5514 37.3954 58.2149
-0.0166965 -0.72074 -0.693004
-0.984855 -0.107772 0.135814
-0.172573 0.684776 -0.708025
0.757846 1.85533
-70.9178 37.1365 58.5412
-0.0166956 -0.720741 -0.693003
-0.984855 -0.107773 0.135814
-0.172574 0.684776 -0.708026
0.763768 1.85533
-71.1899 38.2164 57.4247
-0.016695 -0.720741 -0.693003
-0.984855 -0.107774 0.135814
-0.172574 0.684775 -0.708026
0.763768 1.85922
-72.5671 42.3087 61.7183
-0.79146 0.331495 0.51352
0.586353 0.648994 0.484765
-0.172575 0.684776 -0.708026
0.728478 1.85922
-72.2949 41.2289 62.8349
-0.79146 0.331494 0.51352
0.586352 0.648994 0.484766
-0.172575 0.684776 -0.708025
0.728478 1.85533
-71.2669 42.3667 63.6848
-0.79146 0.331495 0.51352
0.586353 0.648994 0.484765
-0.172575 0.684776 -0.708026
0.730991 1.85533
-71.5391 43.4466 62.5682
-0.79146 0.331495 0.51352
0.586353 0.648995 0.484764
-0.172575 0.684775 -0.708026
0.730991 1.85922
-71.5391 43.4466 62.5682
0.0166967 0.720742 0.693002
0.984855 0.107772 -0.135814
-0.172574 0.684775 -0.708026
0.730991 1.85922
-71.2669 42.3667 63.6848
0.0166969 0.720743 0.693002
0.984855 0.107772 -0.135815
-0.172574 0.684774 -0.708028
0.730991 1.85533
-67.1475 42.8175 63.1167
0.0166964 0.720741 0.693004
0.984855 0.107772 -0.135814
-0.172574 0.684775 -0.708026
0.741301 1.85533
-67.4196 43.8974 62.0001
0.0166962 0.72074 0.693004
0.984855 0.107773 -0.135814
-0.172573 0.684776 -0.708025
0.741301 1.85922
-67.4196 43.8974 62.0001
0.610191 0.638594 0.468898
0.773245 -0.351169 -0.52799
-0.172509 0.684747 -0.708069
0.741301 1.85922
-67.1475 42.8175 63.1167
0.610191 0.638593 0.468899
0.773231 -0.351112 -0.528048
-0.172572 0.684777 -0.708025
0.741301 1.85533
-65.3279 41.9913 61.8741
0.610191 0.638594 0.468897
0.773245 -0.351169 -0.52799
-0.172509 0.684747 -0.708069
0.745915 1.85533
-65.6001 43.0711 60.7576
0.610192 0.638594 0.468896
0.773258 -0.351225 -0.527932
-0.172447 0.684717 -0.708113
0.745915 1.85922
-66.2609 44.3809 57.0052
0.778136 -0.34594 -0.524242
-0.603923 -0.641411 -0.473148
-0.172574 0.684775 -0.708026
1.199 1.38053
-65.9887 43.3011 58.1217
0.778136 -0.34594 -0.524242
-0.603923 -0.641411 -0.473148
-0.172574 0.684775 -0.708026
1.199 1.37664
-69.1844 39.907 55.618
0.778136 -0.34594 -0.524242
-0.603923 -0.641411 -0.473148
-0.172574 0.684775 -0.708026
1.20682 1.37664
-69.4565 40.9869 54.5015
0.778136 -0.34594 -0.524242
-0.603923 -0.641411 -0.473148
-0.172574 0.684775 -0.708026
1.20682 1.38053
-66.2609 44.3809 57.0052
0.984855 0.107773 -0.135814
-0.0166961 -0.720741 -0.693003
-0.172574 0.684775 -0.708026
1.199 1.38053
-66.233 45.5827 58.1607
0.984855 0.107773 -0.135814
-0.0166961 -0.720742 -0.693003
-0.172574 0.684775 -0.708027
1.19489 1.38053
-65.9609 44.5028 59.2772
0.984855 0.107773 -0.135814
-0.0166961 -0.720741 -0.693003
-0.172574 0.684775 -0.708026
1.19489 1.37664
-65.9887 43.3011 58.1217
0.984855 0.107773 -0.135814
-0.0166961 -0.720741 -0.693004
-0.172574 0.684776 -0.708026
1.199 1.37664
-71.8229 40.7279 54.8278
-0.95868 -0.281814 -0.0388909
-0.226164 0.67206 0.705114
-0.172574 0.684775 -0.708027
1.1629 1.38053
-71.5507 39.6481 55.9443
-0.95868 -0.281814 -0.0388909
-0.226164 0.67206 0.705114
-0.172574 0.684775 -0.708027
1.1629 1.37664
-72.9279 43.7404 60.238
-0.95868 -0.281814 -0.0388909
-0.226164 0.67206 0.705114
-0.172574 0.684775 -0.708027
1.17745 1.37664
-73.2 44.8203 59.1215
-0.95868 -0.281814 -0.0388909
-0.226164 0.67206 0.705114
-0.172574 0.684775 -0.708027
1.17745 1.38053
-69.4565 40.9869 54.5015
-0.0166961 -0.720742 -0.693003
-0.984855 -0.107772 0.135814
-0.172573 0.684775 -0.708027
1.20682 1.38053
-69.1844 39.907 55.618
-0.0166961 -0.720742 -0.693003
-0.984855 -0.107772 0.135814
-0.172573 0.684775 -0.708027
1.20682 1.37664
-71.5507 39.6481 55.9443
-0.0166961 -0.720742 -0.693003
-0.984855 -0.107772 0.135814
-0.172573 0.684775 -0.708027
1.21274 1.37664
-71.8229 40.7279 54.8278
-0.0166961 -0.720742 -0.693003
-0.984855 -0.107772 0.135814
-0.172573 0.684775 -0.708027
1.21274 1.38053
-73.2 44.8203 59.1215
-0.79146 0.331495 0.513519
0.586352 0.648994 0.484766
-0.172573 0.684776 -0.708026
1.17745 1.38053
-72.9279 43.7404 60.238
-0.79146 0.331495 0.513519
0.586352 0.648994 0.484765
-0.172573 0.684776 -0.708026
1.17745 1.37664
-71.8999 44.8783 61.0879
-0.79146 0.331495 0.513519
0.586352 0.648994 0.484766
-0.172573 0.684776 -0.708026
1.17997 1.37664
-72.172 45.9581 59.9714
-0.79146 0.331495 0.513519
0.586352 0.648994 0.484766
-0.172573 0.684776 -0.708026
1.17997 1.38053
-72.172 45.9581 59.9714
0.016697 0.720741 0.693003
0.984855 0.107772 -0.135815
-0.172574 0.684775 -0.708026
1.17997 1.38053
-71.8999 44.8783 61.0879
0.0166971 0.720742 0.693003
0.984855 0.107772 -0.135815
-0.172573 0.684775 -0.708027
1.17997 1.37664
-67.7804 45.3291 60.5198
0.0166968 0.720741 0.693004
0.984855 0.107772 -0.135815
-0.172574 0.684775 -0.708026
1.19027 1.37664
-68.0526 46.4089 59.4033
0.0166968 0.72074 0.693004
0.984855 0.107773 -0.135815
-0.172574 0.684776 -0.708025
1.19027 1.38053
-68.0526 46.4089 59.4033
0.610192 0.638595 0.468895
0.77323 -0.351114 -0.528048
-0.172573 0.684774 -0.708027
1.19027 1.38053
-67.7804 45.3291 60.5198
0.610191 0.638594 0.468897
0.77323 -0.351113 -0.528048
-0.172572 0.684775 -0.708027
1.19027 1.37664
-65.9609 44.5028 59.2772
0.610192 0.638595 0.468895
0.77323 -0.351114 -0.528048
-0.172573 0.684774 -0.708027
1.19489 1.37664
-66.233 45.5827 58.1607
0.610192 0.638595 0.468894
0.773229 -0.351114 -0.528049
-0.172574 0.684774 -0.708028
1.19489 1.38053
-71.196 47.2527 58.2856
-0.172575 0.684775 -0.708026
-0.955576 -0.290761 -0.0482999
-0.238941 0.668238 0.704532
0.69204 1.84756
-71.2233 46.0741 57.1523
-0.172574 0.684775 -0.708027
-0.955618 -0.290642 -0.0481753
-0.238771 0.66829 0.70454
0.693078 1.84369
-72.0049 47.0067 58.2448
-0.172573 0.684776 -0.708026
-0.95566 -0.290524 -0.0480531
-0.238604 0.668339 0.70455
0.694117 1.84756
-70.3944 47.1829 58.0227
-0.172574 0.684775 -0.708026
-0.954817 -0.292867 -0.0505229
-0.241955 0.667317 0.704376
0.690242 1.84652
-69.8148 46.816 57.5266
-0.172574 0.684774 -0.708027
-0.954845 -0.292792 -0.0504437
-0.241847 0.667351 0.704381
0.689203 1.84471
-69.6127 46.2503 56.9302
-0.172573 0.684774 -0.708027
-0.956329 -0.288639 -0.0460653
-0.235908 0.669158 0.704681
0.689203 1.84266
-69.8421 45.6374 56.3933
-0.172574 0.684774 -0.708027
-0.956368 -0.28853 -0.0459497
-0.235752 0.669205 0.704689
0.690242 1.84085
-70.4416 45.1415 56.0598
-0.172573 0.684774 -0.708028
-0.955642 -0.290575 -0.048105
-0.238676 0.668319 0.704544
0.69204 1.83981
-71.2506 44.8954 56.019
-0.172573 0.684774 -0.708027
-0.955594 -0.29071 -0.048248
-0.23887 0.66826 0.704535
0.694117 1.83981
-72.0522 44.9652 56.2819
-0.172574 0.684774 -0.708027
-0.955618 -0.290644 -0.0481772
-0.238774 0.668289 0.70454
0.695915 1.84085
-72.6317 45.3321 56.778
-0.172574 0.684775 -0.708026
-0.955657 -0.290535 -0.0480624
-0.238618 0.668336 0.704548
0.696953 1.84265
-72.8338 45.8978 57.3744
-0.172575 0.684774 -0.708028
-0.955634 -0.290598 -0.0481276
-0.238708 0.66831 0.704543
0.696953 1.84472
-72.6044 46.5108 57.9113
-0.172573 0.684775 -0.708027
-0.955662 -0.290519 -0.0480476
-0.238597 0.668343 0.704549
0.695915 1.84652
-71.2833 39.7453 63.7359
0.172573 -0.684776 0.708026
0.955636 0.290593 0.0481255
-0.238703 0.66831 0.704545
0.68965 1.83464
-69.6727 39.9215 63.5137
0.172574 -0.684775 0.708026
0.955609 0.290668 0.0482035
-0.238809 0.668277 0.704539
0.693526 1.83361
-71.0539 40.3582 64.2727
0.172574 -0.684776 0.708026
0.95562 0.290639 0.0481717
-0.238766 0.66829 0.704542
0.690689 1.83644
-71.0812 39.1796 63.1395
0.172574 -0.684775 0.708027
0.955602 0.290688 0.0482241
-0.238838 0.668269 0.704537
0.68965 1.83257
-70.5017 38.8127 62.6433
0.172574 -0.684776 0.708026
0.955619 0.290641 0.0481754
-0.238771 0.668289 0.704541
0.690689 1.83077
-69.7 38.7429 62.3805
0.172574 -0.684775 0.708027
0.955634 0.290597 0.0481278
-0.238707 0.668309 0.704544
0.692487 1.82973
-68.8911 38.9889 62.4212
0.172573 -0.684776 0.708026
0.955602 0.290687 0.048225
-0.238837 0.668268 0.704538
0.694564 1.82973
-68.2916 39.4848 62.7548
0.172573 -0.684775 0.708027
0.956326 0.288649 0.0460771
-0.235924 0.669153 0.70468
0.696362 1.83077
-68.0622 40.0978 63.2916
0.172575 -0.684774 0.708028
0.956325 0.28865 0.0460754
-0.235924 0.669153 0.70468
0.697401 1.83258
-68.2643 40.6635 63.888
0.172574 -0.684775 0.708026
0.954828 0.292838 0.0504911
-0.241912 0.66733 0.704379
0.697401 1.83463
-68.8438 41.0304 64.3842
0.172577 -0.684775 0.708026
0.954861 0.292748 0.0503941
-0.241782 0.667369 0.704386
0.696362 1.83644
-69.6454 41.1002 64.647
0.172575 -0.684777 0.708025
0.955634 0.290598 0.0481285
-0.238708 0.668307 0.704546
0.694564 1.83748
-70.4544 40.8542 64.6063
0.172573 -0.684776 0.708026
0.955602 0.290687 0.048225
-0.238837 0.668269 0.704538
0.692487 1.83748
-71.196 47.2527 58.2856
-0.238777 0.668288 0.70454
-0.172574 0.684775 -0.708027
-0.955617 -0.290646 -0.0481798
0.719442 1.83846
-72.0049 47.0067 58.2448
-0.238777 0.668288 0.70454
-0.172574 0.684775 -0.708027
-0.955617 -0.290646 -0.0481798
0.719442 1.84047
-70.4544 40.8542 64.6063
-0.238777 0.668288 0.70454
-0.172574 0.684775 -0.708027
-0.955617 -0.290646 -0.0481798
0.697401 1.84047
-69.6454 41.1002 64.647
-0.238777 0.668288 0.70454
-0.172574 0.684775 -0.708027
-0.955617 -0.290646 -0.0481799
0.697401 1.83846
-70.3944 47.1829 58.0227
0.271032 0.724076 0.634236
-0.172574 0.684775 -0.708027
-0.946974 0.0824452 0.310552
0.719442 1.83645
